-1.00518 0.138603 0.248896 0.0672765 0.710878 1.4028 0.548749 0.79281 1.7066 1.18338 1.00037 0.295231 -0.523323 -1.00518 0.138603 0.248896 0.0672765 0.710878 1.4028 0.548749 0.79281 1.7066 1.18338 1.00037 0.295231 -0.523323 -1.00518 0.138603 0.248896 0.0672765 0.710878 1.4028 0.548749 0.79281 1.7066 1.18338 1.00037 0.295231 -0.523323
-1.02957 0.109322 -0.0773509 0.149754 0.142865 1.34557 1.38244 0.790681 1.26993 0.950485 0.489759 0.370309 0.409963 0.0782039 -0.563045 0.748956 -0.0910918 -0.365723 -0.634292 0.381388 -0.125549 -0.620665 -0.419793 0.440755 2.43224 3.19317 0.975952 -0.606837 0.432695 -0.409011 0.00947328 -2.05592 -0.412066 -0.682803 -1.27842 -1.33676 -0.554797 -0.0730504 0.11694
-0.926981 -0.424443 0.997852 -0.0238153 0.345155 0.768511 0.930137 0.667262 1.08593 0.763589 1.44113 2.72747 2.66985 -0.029232 -0.468234 0.681592 -0.341735 0.720351 -0.653121 0.136683 0.110007 0.428179 -0.153381 0.445578 0.22218 -0.406383 -0.0831602 0.456344 -0.810816 -0.330929 1.78219 0.677435 0.0111278 -0.212229 0.578935 1.33523 -1.03389 -5.34063 -5.96784
-1.05881 -0.358912 0.604241 -0.191981 0.863217 0.692447 1.51913 0.900688 1.69811 0.797104 0.935337 0.592489 0.00358009 -0.00495629 -0.106702 -0.0618608 -0.422021 1.41647 0.0431431 0.392516 -0.337777 -0.0417301 0.915438 -0.593139 -2.90839 -2.77466 0.380095 0.277964 -0.908639 0.233233 -0.379596 0.483299 -0.480886 -0.684031 -0.780194 0.299862 -0.189687 -0.916104 0.337494
-0.931937 -0.531144 0.935991 -0.445836 1.76162 0.811654 1.32265 0.329485 1.0442 1.67903 0.84799 -0.180921 -0.104812 0.350863 -0.19027 -0.227047 -0.108501 0.340756 -0.169823 -0.344204 -0.574024 -0.352015 0.146481 0.255891 -0.693923 -0.0688893 0.182856 0.242377 0.0449242 0.99964 -1.99859 0.0323282 -0.640761 0.0820381 0.293954 -2.35123 0.0065389 3.17486 4.02546
-0.707944 -0.549182 0.377194 -0.300482 1.20397 0.522624 1.17492 0.326664 1.34609 0.943586 1.19123 -0.101434 -0.0653092 0.177899 0.135675 -0.0169366 0.577619 -0.582123 0.0754713 -0.248245 -0.255739 0.252224 -1.43579 -0.5866 0.266464 1.25079 -0.626612 0.183923 0.283954 0.714168 -0.766897 0.407052 -0.0921246 0.406741 0.325521 -0.268759 -1.53591 1.26606 -0.037044
-0.754038 -0.395469 0.919054 0.131783 1.1795 0.887125 1.07441 0.0737453 1.29643 0.243237 0.261391 0.0855431 1.14598 -0.275749 -0.00634661 0.0569064 0.605667 -0.426142 0.23723 -0.436328 -0.167283 -0.0264945 -0.122278 -1.28002 0.572135 -0.105933 -0.602407 -0.422595 -0.450793 -0.885762 0.68559 -0.168969 -0.141898 0.343881 -0.360121 2.64865 2.04541 0.40613 -1.39032
-0.983693 -0.555529 0.4341 0.305184 0.777831 0.759854 0.738595 0.159381 1.3196 0.821307 -0.088794 0.470701 -0.171243 -0.424508 -0.28692 -0.467729 -0.308143 0.103467 -0.0934976 -0.390143 0.0881419 -0.107896 1.21286 1.45881 0.672594 -0.139529 0.0883278 -0.141897 -0.394966 -1.32708 0.698906 -0.0638691 1.18851 0.739201 -0.114588 1.68061 4.2311 -0.95696 0.387136
-1.17855 -0.682389 0.451325 -0.17636 1.28297 0.793628 0.684264 0.161887 1.18853 1.4561 1.7202 0.758137 1.00645 -0.187421 -0.148244 -0.33806 -0.721418 0.272765 0.173361 0.752181 0.571917 -0.141082 1.55833 2.95108 -0.384825 0.281203 0.563764 0.45345 -0.0453269 0.128683 -1.60381 0.183078 0.509142 -0.739914 -0.246821 -2.47718 -2.29196 -1.15265 -1.48171
-1.17111 -0.703773 0.0960404 -0.416234 1.0506 0.933214 1.49078 0.731298 1.17852 2.37964 2.86229 0.0858763 0.109961 0.139256 0.16653 -0.513056 -0.17946 -1.50035 0.0895799 0.118999 -0.651772 -0.354718 -1.26432 -0.833143 -0.480056 -1.62124 0.284005 0.516332 0.357358 0.666617 -1.48712 -0.29945 -1.14204 -1.24285 -0.491628 -3.67416 -5.41799 0.260286 -1.63859
-1.03929 -0.51586 -0.0617308 -0.355819 -0.217377 0.883208 0.803263 -0.489885 0.833813 0.191775 0.887061 0.278081 -0.614787 0.0965844 0.368088 0.019298 -0.0548015 -1.21436 -0.12609 -0.389857 -0.670935 -0.632711 -2.11583 -2.46691 -0.124539 -1.35739 -0.510993 0.0919666 1.12243 0.764623 1.55396 0.100404 0.332356 2.00428 0.252519 1.73179 1.3919 1.35776 1.75692
-1.07453 -0.335685 0.115338 -0.471035 -0.163762 0.807125 1.10092 0.0603627 0.545805 0.263811 0.39538 -0.0386627 -1.24743 -0.371737 0.258496 0.609376 0.585164 0.0536184 0.189984 0.451355 1.35251 -0.102199 0.467469 0.558762 0.877708 0.135682 -0.436761 -0.641412 -0.652095 0.0616765 0.987834 0.310161 -0.0916382 0.899001 0.917578 2.43643 2.23179 0.154739 2.47652
-1.41103 -0.257363 0.547645 0.229345 -0.163758 1.07319 1.25462 0.862625 0.731614 0.659244 1.44582 1.15579 -0.479105 -0.340177 -0.273324 -0.632797 0.00687497 -0.226523 0.184071 -0.481495 0.228066 0.284867 0.320596 -0.23512 0.0301999 1.11913 1.9351 -0.661789 -1.78413 -1.1598 1.33155 -1.50037 -1.84376 -1.72844 0.42427 0.152624 -3.64477 -1.08775 2.51799
-1.41471 -0.609009 -0.517459 -0.46416 -0.390285 0.991196 0.619423 0.288429 0.830673 0.584407 0.16026 -0.00846281 -0.128295 1.56336 -0.403293 -1.17476 -0.574638 1.38516 -1.31039 -1.3924 -0.375935 0.322071 0.620093 -3.08601 -0.210037 2.65367 2.03773 0.642346 1.32312 0.0348095 1.7805 -1.625 -0.0283804 0.032124 -0.454315 -0.808059 -0.126371 -0.255237 0.270307
0.152336 -0.660656 -0.627111 -0.345293 1.22141 -0.237197 -0.137783 0.48669 1.05369 1.27934 -1.64018 0.945752 2.17457 1.69755 0.369022 0.690319 0.0416845 1.55397 -1.44092 -0.509876 0.26019 -0.169448 -0.487463 -0.36149 -0.225037 1.38944 -0.849666 2.31561 2.23119 1.22866 -2.41432 0.727712 -0.492655 -1.65206 -1.77093 -1.83188 3.96032 -2.38763 -4.56876
0.282848 -0.239987 0.17286 -0.422476 1.16369 -0.449728 0.109547 0.548619 0.661225 0.0969446 -0.20123 -0.233499 1.26114 0.713696 1.91231 1.05644 0.654024 -1.02916 -0.582677 -1.88506 -2.02799 -1.44886 -1.21178 0.874312 -2.59767 -1.91508 -0.887043 1.2326 -1.16905 0.539041 -3.4218 1.05607 -1.62481 -3.22584 -1.53307 -0.482558 0.497773 -0.590375 -3.88275
0.866032 1.25166 0.429327 0.308731 0.192251 -0.819874 -2.02284 -1.5413 -0.395173 0.0675543 -0.765873 -1.65192 0.259489 0.810511 1.60162 -0.47873 0.580725 -1.86783 -0.384849 -2.13469 -2.96565 -1.70252 -0.970021 0.136283 -0.815412 -2.49331 -0.367801 -1.92739 -1.55849 -0.349454 0.294294 0.641831 2.10081 1.35682 1.15995 0.884873 -0.57276 3.52647 1.28078
1.09336 1.36163 -0.30587 0.158249 -0.70414 -0.834577 -2.02514 -2.41703 -1.0413 -0.873076 -0.0649468 -1.04891 -1.23216 0.345895 -0.0150795 -0.50205 0.30457 -0.734862 0.059154 0.21575 -0.671174 -0.288909 -0.326909 0.301552 0.928802 -0.634305 -0.886616 -1.69381 0.144852 -0.46526 1.24231 0.127778 2.36386 3.14667 1.13295 0.799599 -1.48294 0.0844877 2.50317
1.21193 1.23658 -0.0727234 0.613302 -0.542611 -0.76072 -1.80709 -2.21248 -0.684082 -0.259355 -0.464321 -0.723114 -0.374816 -0.076105 -0.0921924 -0.333878 0.115465 -0.625515 -0.257071 0.229167 0.181023 -0.569574 -0.170421 -1.34666 -0.730924 0.00986045 -0.517995 0.312907 0.198554 -0.749478 1.43652 -0.0262374 -0.122592 1.26878 -0.0671291 0.135024 0.000208763 -1.07109 -0.324817
1.01725 1.26944 -0.639748 0.273714 -1.32966 -1.09165 -1.79597 -2.23601 -1.61087 -1.0435 -1.41161 -1.77984 -1.2223 -0.1721 0.297827 -0.303497 -0.444908 0.701656 0.0329166 0.093158 0.597606 -0.356039 -0.191885 0.301761 -0.14229 -0.959122 0.28444 0.512948 0.432556 -0.264085 2.16932 0.710038 -0.195999 0.738063 0.988268 0.924689 3.58618 1.67188 0.687193
1.03983 1.53441 -0.37622 0.168394 0.159045 -0.727803 -1.71393 -1.61487 -1.04012 -0.45124 -0.16256 -0.865404 -1.33394 0.208335 0.420756 0.0986785 -0.14862 1.54381 0.452967 0.0331677 0.919086 0.418694 0.754267 2.23952 0.940957 0.697054 0.450888 -0.205587 -0.11131 0.680226 -0.608698 -0.103141 -0.390384 -0.648175 0.61274 0.733058 0.585604 0.0234061 1.83141
1.22559 1.69019 -0.541069 0.125094 0.214155 -0.638681 -1.76281 -1.31692 -1.19218 -0.28923 0.827915 -0.838878 -0.52525 0.278787 0.0922404 -0.414807 0.235318 0.0929583 -0.0702244 -0.297226 -0.0505688 0.256701 0.541172 0.887365 -0.118884 0.872288 0.0395806 -0.499896 -0.78441 0.305553 -1.31731 -1.10534 -0.310065 -1.00632 0.121452 -0.534291 -3.34336 -1.33061 -0.281491
1.31861 1.62665 -0.791027 0.403712 0.252004 -0.798027 -2.01116 -1.66544 -0.78342 0.0899322 0.724805 -0.984289 -0.46165 0.247916 -0.0791408 -0.685731 0.156933 0.226497 -0.652369 -0.276898 -0.0872308 0.540146 0.219977 -1.10384 -0.389656 0.415563 -0.00750826 -0.222697 -0.151847 -0.067425 -0.317244 -0.473072 -0.231997 0.821813 -0.18645 -0.732991 -3.02383 0.222141 0.223869
1.47351 1.61105 -1.2268 0.282027 0.440652 -1.29105 -2.0397 -1.40415 -0.652031 -0.0692535 -0.275924 -1.22853 -0.109687 0.271279 -0.130456 -0.566654 0.167893 -0.224285 -0.543296 -0.529223 0.771244 0.0702509 -0.191818 -2.13647 0.103257 1.09616 -0.137749 -0.14616 0.559578 0.214392 -0.787393 0.255113 0.110914 0.486826 -0.526053 -1.26468 -0.0817369 1.10349 0.534972
1.58989 1.49619 -1.35768 0.571606 0.0277181 -1.34132 -2.54038 -0.894197 -0.713169 -0.101886 -1.41166 -0.881031 0.634507 0.110167 -0.225301 -0.126154 0.371325 -0.560896 -0.397256 -0.165983 0.399596 0.0140927 -1.04471 -1.18558 0.713832 0.950535 -0.300625 0.0956796 0.604023 0.278043 0.438325 0.0137715 1.21965 -0.571229 0.0999016 -0.752863 3.00587 0.52929 -1.00233
1.58367 1.38575 -1.35295 0.653352 -0.120244 -1.68831 -2.20569 -1.00456 -0.637939 -1.11396 -1.4615 -0.514702 0.840848 -0.029346 -0.0347768 0.0373687 0.445937 0.21404 -0.529525 0.690425 0.200015 0.170153 -0.944682 0.869401 0.632547 0.0938243 -0.140337 0.166908 0.229396 0.350395 0.605501 0.212206 0.378494 0.589538 -0.499027 1.11615 2.68201 -0.303131 -1.30998
1.56055 1.46141 -1.32031 1.01754 0.241758 -1.87085 -1.84996 -0.694182 -0.543017 -1.04657 -0.54226 -0.248484 0.728332 -0.0301696 -0.0583924 0.103242 0.72172 0.0446057 -0.185051 0.212511 0.989133 -0.484934 0.0714438 1.49643 0.410702 -0.35944 -0.0173244 -0.192377 0.52847 0.166013 -0.753177 0.347989 -0.224878 0.784202 -0.751764 1.03923 -0.328089 0.239645 -1.34959
1.5535 1.32736 -1.24971 1.37507 -0.075638 -1.87336 -1.99318 -0.0154248 -1.12287 -1.04252 0.0349307 -0.104001 0.481408 -0.0466704 -0.227154 0.565838 0.61195 -0.539138 -0.181536 0.465546 0.984217 -0.581612 0.0945456 0.541312 0.872192 -1.25577 -0.271532 -0.0490125 0.372162 -0.557385 -0.0928395 -0.546891 0.555804 -0.798288 0.213728 -0.638954 -2.12504 -0.71654 -0.645545
1.51388 1.23426 -0.754474 1.62949 -0.29738 -2.05238 -1.38441 0.290035 -1.12463 -0.952022 -0.000947711 0.623708 -0.527437 -0.301702 -0.107405 0.475405 0.164335 -0.0482338 -0.731942 0.768315 0.190846 -0.271207 -0.56751 -0.628614 -0.305839 -1.00499 -0.417175 -0.0189805 -0.733332 -0.55946 -0.441517 -0.377404 -0.559031 -1.65414 -0.453835 -1.75267 -1.48137 -2.82945 0.817904
1.2518 1.21995 -0.774307 1.53941 -0.123872 -2.6053 -1.22486 0.175421 -1.39408 -1.61003 -0.593683 -0.40984 -0.523578 -0.463845 -0.246135 -0.167494 0.0524899 -0.980655 -0.55894 -0.0934844 -0.669924 -1.03545 -1.65812 -0.940061 -1.95725 -0.437865 0.147907 -0.0576033 -0.320537 0.157351 -1.44789 0.886212 -0.00337654 -0.697017 -0.450313 -0.208494 0.752032 -0.264438 -0.178636
1.05003 0.988124 -0.921968 1.68198 -1.27803 -2.61132 -1.47789 -0.379889 -2.16007 -2.61014 -0.941009 -1.33355 -0.965302 -0.153795 -0.165008 0.154868 0.321686 -1.49612 0.154271 0.764939 -0.506171 -0.721519 -0.776004 0.123418 -0.570277 -1.18362 0.578164 0.159586 0.952834 0.323476 0.776048 1.06402 1.1026 0.175208 1.12136 2.41456 2.36484 2.43408 0.0672241
1.09801 1.05495 -0.61944 1.86109 -1.61999 -2.45103 -0.459923 -0.33075 -2.1156 -2.38603 -0.470266 -0.980116 -1.7072 0.114319 -0.0865483 0.78534 0.375966 -0.204607 0.505078 1.00912 -0.494716 0.0859119 0.756442 1.42478 0.476827 -0.370641 0.067156 -0.210193 0.815056 -0.0129972 1.7416 0.560915 -0.479381 -0.728428 -0.223326 1.37408 1.58745 1.19938 2.07257
1.16435 0.901576 -0.136628 2.05795 -1.48264 -2.10625 -0.468776 -0.874606 -2.07416 -1.8537 0.483767 -0.85672 -1.33594 -0.0866388 -0.375201 0.969923 0.308689 0.245475 0.715186 0.285558 -1.2346 -0.944845 0.598072 1.71086 0.629105 0.888952 -0.542046 -0.16244 -0.258591 -0.284153 0.0862264 -0.0143537 -1.13167 -0.520773 -0.975956 -0.673126 -1.79403 -0.27944 1.98986
1.01137 0.679745 0.350484 2.16978 -1.37452 -1.73584 -0.174365 -1.56535 -3.06044 -1.78796 1.2406 -0.351011 -0.818248 -0.427728 -0.248989 0.526749 0.0918131 -0.118381 0.490724 -0.122552 -1.01549 -0.890044 0.0833163 -0.369249 0.197387 1.61922 -0.410687 0.337529 -0.637251 -0.464992 -0.0767809 -0.176394 -0.242297 0.59903 0.999232 0.295677 -2.54838 -0.699889 0.15195
0.736623 0.652587 0.390121 2.14976 -1.60102 -1.61552 -0.591328 -1.89009 -2.96421 -1.77039 0.114518 -0.659333 0.283277 -0.497326 -0.0376727 0.332672 -0.156303 0.168694 0.538792 0.0432608 -0.635569 0.0543862 0.89375 -0.837517 -0.0707839 1.0409 -0.00451446 0.240367 -0.558772 -0.512102 0.405449 -0.0893202 0.446353 0.863312 1.48229 1.22808 0.454098 -0.164514 -2.5887
0.514042 0.642072 0.683155 2.01348 -1.20582 -1.19705 -0.131104 -2.20092 -3.00606 -0.894209 0.403081 -0.421795 0.222654 -0.432242 -0.00862175 -0.0320228 -0.420289 0.287068 0.401404 0.323801 -0.152177 0.592243 1.3114 0.0848482 0.0328724 -0.969482 0.213985 -0.0390672 -0.373164 0.0183507 -0.287249 -0.33531 -0.320891 1.02501 0.429217 -0.631152 0.960007 -0.272474 -0.834442
0.304381 0.643966 0.358099 1.72947 -1.31396 -1.21412 -0.267527 -2.04227 -2.37196 -0.458989 0.199366 -0.626461 -0.686205 -0.283342 -0.0767399 -0.0404921 -0.137952 -0.118556 0.203482 -0.277631 0.389437 0.483603 0.262598 0.12249 -0.343258 0.20646 0.28982 -0.0881335 0.389017 0.466716 -0.327764 -0.33863 -0.525272 -0.139926 -0.50853 -1.45439 0.291957 -0.879442 1.27991
0.230701 0.565333 0.642663 1.87553 -1.32438 -0.993568 -0.408735 -1.81148 -2.52245 -0.631611 0.525571 -0.765053 0.429114 -0.142422 -0.0967552 0.356994 0.0464275 -0.0406963 0.0627737 -0.201471 -0.292103 0.0837129 -0.142997 0.376805 -0.84657 0.310426 0.0865702 0.270978 0.119728 -0.264922 0.0918165 -0.222235 0.587503 -0.236775 -0.545489 -0.502032 -1.14684 0.284181 0.386472
0.161959 0.54721 0.715093 1.7759 -1.35465 -1.15135 -0.468998 -2.33437 -2.28825 -0.601986 0.576172 -1.47303 -0.375779 -0.196771 0.194238 0.0792357 -0.402874 -0.0267391 -0.0187528 0.309872 0.152661 -0.0618861 -0.239434 -1.02435 -0.0590768 0.592932 -0.224988 0.0535385 -0.21504 -0.407068 0.292456 0.487853 0.427516 0.794813 -0.344316 0.0503833 -0.483975 1.00149 0.294082
0.0339293 0.759571 0.721899 1.47265 -1.35112 -1.01232 -0.0988628 -1.65882 -2.58434 -0.871046 -0.498775 -0.82413 1.02205 -0.36741 -0.0432167 0.141954 -0.36064 0.25176 0.550626 0.226045 0.502711 -0.260603 -0.0926137 -0.107169 0.154925 0.604508 0.172923 -0.41629 0.211373 0.157549 1.47573 0.735118 -0.78111 -0.214159 0.791131 1.29802 1.40485 -0.680323 -2.14273
-0.205451 0.503994 0.857047 1.41526 -1.10289 -0.600719 -0.242953 -1.83166 -2.54885 -0.6946 0.469002 -1.31811 0.228728 -0.0238479 -0.222052 0.290609 -0.245325 1.44899 0.716365 -0.471238 -0.0614979 0.729245 1.05858 0.3805 -0.739399 -1.54979 0.134629 -0.217454 -0.329921 -0.238739 -0.248068 -0.354218 0.0812986 -0.181645 0.326341 -0.42687 -1.93455 -1.08972 -1.52917
0.0100814 0.537519 1.01251 1.22733 0.0978711 -0.295956 -0.5701 -1.72032 -1.8551 0.187536 -0.118275 -1.56353 -0.527747 -0.232781 -0.260671 -0.187967 -0.59938 0.00369157 0.196409 0.307344 0.321065 0.0657381 -0.519484 -2.04172 -0.934792 -0.924664 -0.572663 -0.0251031 -0.497419 -0.150282 -1.49959 -0.553335 1.17406 0.665674 -0.473602 -1.82706 -0.761091 0.793374 1.72118
-0.438232 0.243323 0.66908 0.81588 -1.0992 -0.404311 0.064391 -1.5106 -2.48312 -1.21408 -1.57271 -2.2529 -0.695936 -0.596511 -0.247155 -0.20681 -0.395607 -0.0505953 0.16303 0.702824 0.604176 0.255643 -0.768475 -0.38059 0.0539749 0.171385 -0.162401 0.323622 0.428817 0.314771 1.22735 1.03519 -0.198138 0.457382 2.40119 0.297256 1.37975 3.15576 1.15448
-0.586429 0.290363 0.805698 0.83172 0.0472758 -0.132925 0.132724 -1.11614 -1.59945 -0.580939 -0.498865 -1.50955 -0.356362 -0.395182 0.0629512 0.24085 -0.284609 1.23104 1.23159 0.109206 0.778447 2.46693 -0.222228 -0.661962 2.22097 0.229813 0.369321 0.0591452 0.277977 -0.030485 -0.244579 0.778255 -0.0953586 0.170507 1.13184 0.741254 0.0704997 1.96745 1.24502
-0.833414 0.306274 0.90993 0.531272 0.131844 0.827283 0.173597 -0.732152 -0.0161862 -1.43631 -2.23468 -0.0319307 -0.466123 -0.22719 -0.18801 0.0711667 -0.426092 -0.295175 0.941285 0.607466 0.774683 1.38748 -0.0272214 -0.31009 2.02142 1.4164 0.173919 -0.34976 -1.16568 -0.389085 -1.70461 -0.812805 -0.358044 -0.622187 -1.65102 2.05491 3.42351 -0.425431 2.42771
-0.813619 0.102354 0.876865 0.405628 -0.247899 0.80836 0.74019 -0.341458 -0.211975 -0.60816 -0.808955 0.511868 1.06004 -0.221263 -0.286808 -0.924834 -0.673694 -0.473568 0.418789 -0.248839 0.156261 0.815911 1.83269 2.76154 1.79554 2.65752 -0.0473384 -0.0330336 -0.825574 0.0230615 0.211271 -0.966827 -1.31969 -1.50914 -1.22167 1.22233 1.46729 -1.49038 -1.36654
-1.05468 0.0194654 -0.0149045 -0.142422 -0.341724 1.24607 -0.0752416 -0.575891 0.799724 0.396375 0.526866 1.76361 2.1914 -0.274528 -0.221043 -0.754407 -0.403031 -0.0839033 -0.025542 -0.712228 -0.734454 0.165805 1.19511 1.1572 0.531044 0.0498654 -0.0598598 -0.0958126 0.896952 0.904575 1.00403 -0.38397 0.726665 -0.292555 -1.18796 -1.06455 -2.08783 -3.39312 -5.32369
-1.08815 -0.11869 0.122458 0.00259794 -0.331802 0.782818 0.0279615 -1.07591 -0.04617 0.58695 0.348241 1.04291 1.10991 -0.281123 -0.382621 -0.0278818 0.230881 0.530461 0.0348193 0.477827 -0.136294 -0.372048 0.768136 0.673716 -1.59758 -2.66616 0.20907 0.218993 0.438758 0.667612 0.337559 -0.581998 0.113929 0.752618 0.0941204 -1.30539 -1.68226 -1.92102 -1.8289
-1.3358 -0.363156 -0.0427862 0.088459 0.188738 1.28089 0.402585 -0.712185 0.427676 1.16451 1.20058 0.166024 -0.474765 -0.0654575 -0.00205073 -0.315649 0.264582 0.253656 -0.60754 -0.598299 0.0181645 0.259925 -0.110281 -0.525068 -1.38998 -1.77904 0.461248 0.532217 -0.382978 -0.583963 -1.6101 -0.916654 -1.19947 0.145515 0.0987587 -1.55469 -2.35246 1.81777 3.4347
-1.1536 -0.120741 -0.193192 0.267179 -0.0781464 0.175278 -0.570338 -1.05775 0.213755 0.476668 -0.176827 -0.347065 -0.669129 0.180126 0.149596 -0.41086 -0.353082 -1.07963 -0.881835 -0.721642 0.00922073 -0.273289 -0.78655 -1.67875 0.220186 0.768537 0.125763 -0.0695506 0.36212 -0.637196 -0.22583 1.16389 0.926786 0.781256 0.0220018 -0.089824 0.511991 1.14407 2.22679
-1.15567 -0.21356 -0.453646 -0.264623 -0.890896 0.399057 -0.319057 -0.702965 0.154387 0.377961 -0.478166 0.38621 0.293772 0.0603056 -0.0716013 0.0464706 -0.372614 0.0278254 0.556351 0.328487 0.799421 0.281927 -0.200105 -0.0130765 -0.245907 0.447749 -0.350539 -0.10211 0.575362 0.335666 1.11352 1.249 1.59981 1.43208 1.2799 1.06699 2.37498 -0.560635 -0.826431
-1.0933 -0.192342 -0.146721 -0.105435 -0.050321 0.731629 -0.241851 -0.258327 0.495682 0.276563 -0.189903 -0.592972 -0.221381 -0.170414 0.0474852 0.164503 -0.0174164 0.0338825 0.367165 0.878165 1.4413 1.00661 0.280436 0.696229 -0.340449 -0.0578944 0.327949 -0.132577 -0.375306 0.0142274 -0.560654 0.00201226 0.290873 -0.348807 0.245362 -0.617554 -0.344058 -0.237286 0.143765
-1.32609 -0.166075 -0.289143 -0.28204 -0.857014 0.766222 0.559108 0.738336 1.161 0.658397 0.218063 0.045761 0.235877 0.388255 -0.204179 -0.328835 -0.358387 -0.532829 0.558363 0.61936 0.450613 0.527289 -0.817659 -0.357135 -0.483193 0.591514 1.48339 -1.21135 1.9505 -0.387595 0.422399 -0.230957 -1.41457 -1.49014 -1.36367 -1.52365 -0.284688 -1.08195 0.345272
-0.705044 -0.396521 -0.475556 -0.463821 -0.58315 1.28999 0.377509 0.192286 1.02297 -0.541096 -0.547038 -1.07616 0.370133 1.31297 -1.16386 2.115 -0.405011 0.456281 0.136208 -0.536407 -0.0488441 -0.357061 -1.24322 0.411541 -1.42239 0.287378 0.980928 -1.38338 2.70294 0.959157 0.768381 -1.17514 -1.09047 -0.888136 -1.04028 0.837805 2.67119 1.18431 -1.12522
-0.0131152 -1.32994 1.82586 -0.687051 -0.400732 0.90243 0.022701 0.689492 0.803934 -0.584819 0.629604 -1.37663 0.523255 1.36918 -1.58756 2.3741 0.60077 0.235552 -0.616773 -0.471111 -0.437522 -0.512989 0.0201464 2.31406 0.70112 -0.533702 -0.0963833 0.695184 -2.4478 0.80028 -2.02864 -1.01663 1.55346 -0.257393 -0.0753383 1.75785 0.0182768 1.64529 -0.0829631
0.664139 -1.98408 1.89855 0.136949 -0.347597 0.673218 -0.0936016 -0.245236 0.509982 -0.520949 1.76702 -0.375045 -0.163569 1.21659 -0.468678 -0.332802 0.395269 -1.57236 -0.880422 1.01705 -0.306237 -0.4324 0.514638 0.429818 0.222899 0.204415 -0.608404 1.57463 -3.38333 -0.648443 -0.984846 -0.342258 1.91185 0.88266 0.202959 1.21066 -2.07576 -0.776967 0.983285
1.20347 -1.79862 1.49306 -0.291782 -1.97309 0.0220083 1.03975 0.383255 0.371534 -0.0701806 1.05942 -1.15373 0.72767 0.760779 -0.0129336 -1.00922 -0.0476728 -0.749294 -0.959031 1.44074 0.445138 -0.31003 1.2308 0.238295 -0.075847 0.449583 -1.35446 -0.0328359 -0.857788 -0.0653064 1.77274 0.273156 -0.750753 0.384034 0.61519 0.271986 -0.678675 1.26656 -0.661863
1.42492 -1.99701 0.889324 0.0892758 -1.09689 -0.285813 1.34714 0.199902 0.199952 0.709854 2.00531 -0.450892 0.286014 -0.137868 -0.501514 -1.19059 0.329963 0.200382 -0.607266 0.266296 0.0777975 0.18279 0.786625 -0.248857 1.48946 -0.457449 -0.98915 -0.0123124 -0.197462 0.848783 1.29878 0.640043 -0.975848 0.575291 0.522934 -0.804145 -0.34776 1.33821 -0.842043
1.06561 -2.30013 0.302468 0.038181 -1.77271 -0.585258 1.30605 0.461053 0.554324 0.716444 0.810565 0.335721 0.270221 -0.228372 -0.025246 -1.20669 0.80111 0.549482 -0.318988 0.464893 1.02043 0.212904 0.426659 -0.109465 1.26236 -0.39246 0.299687 1.01647 1.06549 0.169525 0.824461 0.566468 0.442515 0.566319 -0.288249 -1.51321 0.35021 -0.993567 0.75593
1.19655 -2.02226 -0.317363 0.890386 -0.547409 -0.604801 1.81203 1.22033 0.412856 1.13651 1.89585 0.81147 -0.106445 0.16182 0.51496 -0.125104 0.499488 1.02484 -0.0407981 0.70881 0.644116 -0.105459 -0.726582 0.101353 0.495889 0.298481 0.0642459 0.377265 1.64737 -0.550646 0.0237175 -0.199306 -1.02735 -1.04455 -0.0869044 -2.25807 -1.00632 -0.550064 1.58506
1.22743 -1.78517 0.177364 0.537669 -0.747867 -0.626056 2.01486 1.10517 0.448865 -0.010138 0.911917 0.831611 0.568702 -0.164126 0.352019 0.440679 0.250464 0.5732 -0.518294 -0.562461 -0.0241161 0.126 -1.83141 -1.11579 0.712297 1.1926 -0.650162 0.00968899 -0.130793 -0.223359 0.250558 -0.157476 -1.30904 -0.633833 -0.0294457 1.58839 0.81463 -0.516902 -0.298816
1.03242 -1.67024 0.123316 1.14085 0.0257914 -1.1231 1.24957 1.19622 0.538856 -0.694896 0.780062 1.52377 1.08615 -0.488343 0.524649 -0.255898 0.276128 1.2754 -0.198274 -0.600231 0.0102831 -0.134904 0.861812 0.915982 -0.0210125 -0.000334991 -0.267187 0.99092 0.108273 0.214666 0.316246 0.790165 -0.0439363 -0.914509 -1.01836 1.08592 0.325031 -2.08694 -2.93084
0.739084 -1.26052 -0.0785336 0.813797 0.527534 -0.82433 1.41462 1.11545 0.313961 0.851674 1.8279 0.810598 0.568367 -0.431312 1.34294 0.548951 0.465131 0.889446 0.27187 -0.606397 -0.938625 -0.892362 -0.745492 -0.790757 -1.37464 -1.73824 1.12047 1.44601 0.0094872 0.842556 -0.82986 -0.723226 -1.87235 -1.83683 -0.877414 -2.99661 -2.42134 0.352519 -1.20126
0.601108 -0.327302 0.672267 1.60598 0.915237 -0.851225 0.643174 0.25759 -0.353506 -1.44039 -0.0106954 0.149123 -0.652089 0.632127 1.97066 -0.24641 1.11868 0.445541 -0.9215 -2.47258 -1.82654 -1.01232 -2.13479 -1.50536 0.331506 -1.20159 1.45501 -0.275268 -2.10435 0.221982 -0.900947 -1.79088 -0.994155 -0.0934946 0.985978 0.670873 0.176053 2.13976 2.32312
1.37121 0.71014 -0.324944 1.93248 0.973076 -1.74583 -1.05796 -0.711092 -0.698357 -1.28312 0.322537 1.1421 -0.633227 1.0237 1.06767 -1.5554 0.687112 -0.0115008 -1.51901 -1.60055 -1.03212 0.0936158 -0.0746188 -0.614704 0.765111 0.584876 -0.585464 -1.85873 -0.773259 -0.982388 -1.2374 0.581057 2.19544 2.02395 0.906587 1.66815 0.150075 -0.517425 1.25189
1.6248 0.740369 -0.883131 2.29309 0.903737 -2.37023 -0.957379 -0.774529 -0.25989 -1.51501 -0.625399 0.914233 -0.0672124 0.0466627 0.111927 -1.01967 0.136297 -0.791861 -0.340443 -0.277141 0.197407 -0.105731 -0.466641 -1.35529 -0.185919 0.0502979 -1.26202 -1.03917 1.44872 -0.841445 -0.804248 1.85321 1.31189 1.1858 -0.534403 -0.406885 1.11208 0.626847 -0.839781
1.41787 0.822067 -1.34461 2.06878 0.181215 -2.08627 -1.3351 -0.513685 -0.804089 -1.74976 -1.03275 0.956186 -0.58293 -0.238326 0.0284995 -0.106677 -0.154333 -0.815749 0.334208 -0.288666 0.153677 -0.440787 -0.481504 0.497381 1.39196 -0.254905 -0.0355009 -0.11364 1.49123 -0.200478 0.612173 0.552743 0.250322 0.0360607 0.580639 0.197964 2.06465 0.882619 0.607845
1.38648 0.768869 -0.989808 2.13876 0.087988 -2.03602 -1.24604 -0.620853 -0.700677 -1.99651 -0.128018 2.30619 -0.322118 0.0111618 -0.00171328 0.471556 -0.0641812 -0.179689 0.2123 -0.0268194 0.233468 0.474907 -0.268677 0.709357 0.6967 0.658142 0.181765 0.106385 0.474537 0.128399 1.02319 -0.304127 -0.00258655 0.694852 0.745938 0.669343 -1.0807 -2.17809 0.506369
1.42903 0.820354 -0.873057 2.0046 0.00152581 -1.87397 -1.36192 -0.280217 -0.329181 -2.01844 -0.323394 1.65289 0.0752129 -0.056561 0.134885 0.36786 -0.0259338 0.207439 0.0300809 -0.291252 0.848529 0.305151 0.18784 -0.583317 -0.786131 0.251464 -0.263541 -0.133709 -0.391205 0.00544218 0.988285 -0.671547 -0.646876 -1.21531 -0.743469 0.221281 -1.04856 -1.00596 -1.20349
1.32992 0.903754 -0.621948 2.11283 0.295427 -2.00594 -1.5373 0.227676 -0.395526 -1.80867 -0.711335 1.52006 -0.0706535 -0.252379 -0.135423 0.0803512 -0.0587391 0.808596 -0.459246 -0.673695 -0.981843 -0.268561 -0.0473961 -0.339199 -0.309255 -0.545351 -0.0507019 -0.140149 -0.382161 -0.259994 0.828741 0.308859 0.282683 -2.10282 -0.157111 -0.656561 0.906897 0.950961 0.394447
1.17666 0.684931 -0.792706 1.94586 0.810122 -2.33322 -2.03561 -1.26206 -0.597743 -2.06583 -0.662593 1.34363 -0.470138 -0.107263 -0.00526388 -0.0143004 -0.285928 1.03618 0.33894 -0.00856934 -1.25429 0.14804 -0.468721 0.32358 0.164829 0.645911 0.208286 0.489223 0.0502935 -0.118675 -0.221982 1.49946 0.935819 1.10637 0.980031 0.703645 0.883353 0.849641 1.93255
1.22265 0.89849 -0.636249 1.8269 1.33161 -1.667 -1.54587 -1.02661 -0.247486 -2.27739 -0.387756 1.68489 0.575257 -0.0440932 0.3538 0.130645 -0.177414 0.586614 1.04021 0.262124 0.124527 0.71147 0.656249 0.544155 0.540386 1.3872 -0.289097 0.225656 0.166244 -0.0587075 -0.897779 0.018256 -0.512961 1.30151 -0.0438338 2.04771 -0.966569 -0.429895 -0.0788321
1.13256 1.03873 -0.662061 1.76844 1.39674 -1.29301 -1.77349 -1.13753 0.113727 -1.40958 -0.118438 1.88402 0.917064 -0.39636 0.220392 0.151943 -0.344635 0.138401 0.357196 -0.521531 0.0472179 0.104206 1.57899 -0.642989 -0.265065 0.567078 -0.180715 -0.415192 0.130961 -0.264843 -1.49335 -0.652442 -0.777296 -0.158171 -0.927408 -0.0174745 -1.50117 -1.09213 -1.47853
0.826293 1.11888 -0.484305 1.48226 1.47001 -1.3098 -2.0674 -0.979394 -0.14328 -0.698406 -1.03074 1.41982 1.14234 -0.224808 -0.0613912 0.261606 -0.442256 -0.906736 0.387772 -0.515172 -0.0336441 -0.215938 0.638774 -0.957017 -0.551744 -0.0913326 0.338401 -0.336273 0.570066 -0.0575306 -0.755648 0.0252384 0.322626 -0.387814 0.407873 -0.852832 0.737065 -1.14052 -1.79105
0.907755 0.97734 -0.400455 1.32619 0.49 -0.905233 -2.28866 -1.17118 -0.102212 -0.77081 -1.07546 1.33227 0.825731 -0.0579591 -0.115881 0.72201 -0.402166 -0.617248 0.382435 -0.198905 -0.340597 0.512079 0.726154 0.0940754 -1.40559 -1.22398 0.0134258 0.282102 0.607033 -0.0325928 1.24629 0.115416 0.967291 -0.337653 0.36042 0.454499 1.49554 -0.750993 -0.455323
0.768333 1.003 0.237704 1.0801 0.852759 -0.92737 -2.2663 -1.31999 0.368799 0.0277474 -0.93667 0.0142361 -0.0816408 -0.211382 0.22071 0.868639 -0.474849 0.339551 0.503188 0.452119 -0.371298 0.144481 1.09327 0.538518 -1.30274 -0.546655 -0.212243 0.147318 -0.728063 -0.178128 -0.525093 0.242043 0.456314 -0.493499 -1.46782 -1.53187 0.05343 0.414519 1.20852
0.696373 1.19805 0.468184 0.851338 0.829552 -0.402045 -1.83654 -1.54247 0.0422696 0.322463 -0.536937 0.0295345 0.279076 -0.270202 0.0314369 -0.00605369 -0.580294 -1.14234 0.624477 0.257409 -0.834096 -0.955742 -0.80572 0.147505 -0.991069 -0.0154565 -0.0316051 -0.332416 -0.408298 0.0690005 -1.30448 -0.12177 -0.163085 -0.225068 -0.631999 -2.05195 0.553817 0.971368 0.362669
0.498132 1.03444 0.231651 0.499803 -0.289581 -0.302893 -2.00889 -2.15409 -0.586943 -0.777973 -0.789164 -0.976833 -0.0970972 -0.242987 -0.111706 0.460341 -0.405849 -0.964931 0.381419 0.289034 -0.596366 -0.487518 -0.95868 1.09234 -0.33137 -0.183986 -0.0234696 0.0552337 0.886079 0.647072 0.840992 -0.233042 0.388639 0.401334 0.304782 1.58574 1.44844 2.01786 -0.129833
0.453385 1.08634 0.928525 0.44549 -0.13538 -0.0206264 -1.54751 -2.13884 -0.445248 -0.636216 0.555398 -0.301835 0.0950902 -0.293671 0.0866706 0.880025 0.0667777 -0.301349 0.391435 0.646048 -0.432761 -0.65096 0.780022 1.59594 1.02679 -0.14529 -0.134096 0.176221 -0.335888 0.0775573 0.0191846 -0.0369484 0.290063 0.575003 -0.607481 -0.203753 -0.914837 1.66685 -0.231089
0.20446 1.12111 1.11168 0.566581 -0.59093 0.0885421 -1.36284 -2.58685 -1.2379 0.00204899 0.80678 0.0499589 -0.242387 -0.377083 0.0645154 0.124454 -0.328291 -0.945746 0.34447 0.579097 -0.0213628 -1.095 -1.16243 0.177499 1.33548 -0.415075 0.182512 -0.115023 -0.597111 -0.532897 -0.296221 -0.390539 0.390289 0.94928 0.401234 -2.27817 -2.32023 -0.129814 1.32125
0.076302 1.15086 1.05298 0.117198 -1.08113 0.323844 -0.96841 -2.1602 -1.54025 -1.79865 0.732897 1.03364 -0.319985 -0.111159 -0.0283526 0.282915 -0.466119 -0.59757 0.000896233 1.03634 0.516518 -0.249726 -1.49815 -0.724289 0.896977 1.17596 0.347445 -0.08438 0.145581 0.254272 0.561106 -0.331479 -0.380898 0.785715 1.79869 2.01809 -2.57605 -1.84398 2.42367
0.0933013 1.09276 1.39459 0.100462 -1.1885 0.0894383 -0.326507 -2.07033 -1.48763 -1.4961 0.0824916 0.946936 0.933569 -0.0296386 -0.0198646 0.270035 -0.0740192 -0.384641 0.0129912 0.198199 0.764352 0.703694 0.855661 -2.39855 -0.508503 2.0086 -0.185826 0.0111843 -0.719279 0.159964 0.372574 -0.152079 -1.35832 0.135862 0.396347 0.327632 -1.32526 -1.90712 -0.968655
0.0466634 1.131 1.32301 0.0431791 -1.46577 0.336835 -0.770211 -1.39585 -0.836553 -0.942988 -1.66565 0.52514 1.68861 -0.296985 -0.0171683 -0.436364 -0.306156 -0.224995 -0.151183 -0.321979 0.652381 0.146621 -1.17052 -2.04955 -1.01014 0.207301 -0.295614 -0.25005 -0.598112 -0.0972335 -0.054898 -0.445603 -0.228221 -0.938338 -1.04129 -2.17377 1.3347 -0.105814 -3.02786
-0.203684 1.07559 0.958226 -0.205694 -1.4135 -0.0617444 -0.648487 -1.41795 -1.34101 -2.66662 -1.96706 -0.0632064 1.14087 -0.325253 -0.269915 -0.328078 -0.171253 -0.439539 -0.432612 -0.0300224 -0.173986 -0.337594 -1.31811 -1.06386 -0.614317 -1.01926 0.181045 -0.197314 0.107238 0.267132 0.498199 0.536389 -0.0552352 -0.686396 0.68017 1.82365 1.70187 0.771905 -0.917916
-0.27859 0.861081 0.994936 -0.128074 -1.90531 -0.0957764 -0.800233 -1.56984 -1.17415 -2.2611 -2.72951 -0.0891777 0.669348 -0.11594 -0.214482 -0.329126 -0.0390234 0.273204 0.385206 -0.377215 -0.0340152 0.826791 0.653133 -0.347681 -0.238237 -0.710615 0.181797 0.162719 -0.231299 -0.233744 1.11395 0.904207 0.675371 -0.379675 0.670171 1.25741 1.87347 0.349166 -0.32477
-0.319624 0.861105 0.6291 -0.244717 -1.14029 0.323462 -1.0257 -1.45196 -0.514217 -2.01348 -2.31474 -0.301444 0.430254 -0.143455 -0.107196 -0.559376 -0.404996 0.674409 0.471596 0.645349 -0.553661 0.332578 -0.0606964 0.809609 -0.265151 -1.34403 -0.14011 0.0122906 0.57914 0.355891 0.0789144 -0.265403 1.37307 0.231517 -1.17831 -0.0215877 1.5738 1.51657 -0.862548
-0.422045 0.753885 0.43556 -0.53307 -1.2309 0.375819 -0.154884 -2.1235 -0.841568 -2.32179 -1.9199 -0.354329 -0.674685 -0.25605 -0.202192 0.250014 0.316867 0.352118 0.119803 0.995858 0.197502 -0.351516 0.631545 1.22612 1.27833 -1.57316 -0.130996 -0.157139 0.922196 1.03587 -0.159602 -0.251639 -1.0719 1.46545 0.265795 1.41603 0.971892 1.37146 1.09466
-0.575674 0.658913 0.879114 0.0721498 -0.788173 0.443265 -0.0298434 -1.25446 -0.865733 -1.38194 -1.08862 0.976886 -1.14291 -0.274451 -0.264335 0.362819 0.630871 0.514807 0.219957 -0.426554 0.911793 0.598373 1.35533 1.7815 1.10631 -0.249377 -0.0811434 -0.104028 -0.412653 -0.554837 -0.531108 0.0752195 -1.02391 1.08055 1.46682 -0.171264 -1.43912 -1.25998 3.44088
-0.696496 0.48955 0.798379 0.097801 -0.71609 0.595776 -0.581439 -1.21171 -0.243195 -0.966463 -0.138401 0.751978 -0.924062 -0.337193 -0.30622 -0.16264 -0.23797 -0.17899 0.195023 -0.0280511 1.27805 1.1153 0.460281 -0.213006 0.0183454 1.86772 0.086737 -0.331799 -1.56127 -0.774258 0.144718 -0.251634 1.11762 0.629945 0.719608 0.315062 -1.23317 -1.02409 1.87356
-0.912867 0.352692 0.716474 -0.16582 -0.967163 0.638287 -0.0578945 0.0235919 0.249571 -0.921657 -1.30163 0.995232 0.724808 -0.187714 -0.596134 -1.19845 -0.143387 0.659525 -0.0316771 0.691067 1.54174 1.31798 1.67039 0.548334 0.0822125 1.62419 0.335106 -0.342667 -0.114315 0.754834 1.30125 0.129864 0.810119 -1.60833 -0.935632 1.22087 2.07851 -0.603326 -1.96593
-0.88421 -0.106584 -0.400068 -0.0455855 -0.0565655 0.564099 0.109628 0.330032 1.07479 0.703927 0.409933 0.83419 0.700124 -0.00208704 -0.648887 -0.276955 0.516864 1.12226 0.324886 0.782068 -0.330281 0.179672 1.68116 1.8655 -0.58498 -0.0982181 0.192434 0.597088 0.704446 -0.0972392 -0.602445 0.314209 -0.277069 -1.54001 -0.942741 -0.702679 0.994682 -0.397976 -1.83592
-0.914955 -0.296195 0.439519 0.351044 0.155094 0.963173 0.724174 -0.306689 0.429243 0.759498 0.563874 0.410251 0.62659 0.00471994 0.000954349 -0.494001 -0.240626 0.0570802 0.282532 0.413998 0.00172392 0.375241 0.967712 1.54302 -0.315764 -0.211735 0.419197 0.674446 -0.462748 -0.704799 -1.06399 -1.26758 -1.84572 0.769195 0.227208 -1.88654 -2.15725 0.611243 -0.706496
-0.87949 -0.10563 -0.894069 -0.286211 0.000514725 0.846631 0.523627 0.331756 1.45003 1.67164 1.95295 0.518426 0.48839 0.41711 0.0255591 -0.739703 -0.187936 0.0582673 -0.942692 -1.06365 0.438914 0.40688 -0.205384 -0.291748 0.0262625 -0.804714 0.449877 -0.179804 0.738724 0.291583 0.0867523 -0.835145 -1.057 -0.505173 -2.07943 -3.20995 -2.47487 -0.365843 -0.146812
-0.497845 -0.270636 -0.300185 0.163108 0.213362 0.0204816 -0.339477 0.132225 0.836122 0.554115 0.272125 0.436514 -0.178124 0.454597 -0.178849 0.244724 0.0509569 0.143832 -0.552613 -0.643001 -0.503449 -1.70419 -2.24224 -0.931858 -0.681607 -0.358547 -0.412603 -0.433405 0.45027 -0.255807 0.469943 1.13199 1.8379 -0.0708645 -0.855186 -0.787118 1.45357 0.409855 2.01085
-0.424893 -0.284479 -0.649346 -0.235254 0.144347 0.294018 -0.119375 -0.171694 -0.254161 -0.570598 1.02109 -0.163181 0.129843 0.00450673 -0.407846 -0.289434 -0.443742 0.528211 0.189299 0.77425 0.368049 -0.448307 -0.992502 1.16182 0.436118 1.20613 -0.416988 -0.156353 0.0017165 -0.154215 0.155565 0.841335 1.82078 1.00633 2.8023 2.79192 0.584071 0.984234 -0.274315
-0.493338 -0.678481 -0.589618 -0.280634 0.741572 0.209781 0.434773 0.500274 0.387816 -0.438387 1.43395 0.872632 1.02801 0.0376085 -0.335202 0.24644 -0.103258 0.299397 0.288722 1.17777 0.502883 1.09811 0.549682 -0.347787 0.302627 -0.632861 -0.29136 0.493735 0.898478 0.262143 -0.436683 -0.240431 -0.663542 -0.375022 0.690355 1.53404 -3.08252 -1.36502 -2.87495
-0.387285 -0.619681 -0.402906 -0.338513 0.443744 0.58274 1.0584 0.331189 0.843954 -0.0209155 0.673304 0.139446 -0.503019 -0.286854 0.0858893 0.609045 -0.181599 0.0915278 -0.0511321 0.110708 -0.00697316 0.242048 0.541543 -1.92069 -0.9289 -1.66882 -0.368282 0.295802 0.0988133 0.154647 0.463117 -0.3853 -1.40758 -0.69456 -1.2076 0.261479 0.74529 -0.301898 2.11783
-0.780192 -0.592592 0.0194262 -0.462234 0.8331 0.158649 0.545481 0.493301 0.629864 0.103156 -0.486748 -0.0562682 -0.640808 -0.330673 -0.0394 0.345253 0.0513889 0.762514 -0.0965781 -0.229806 -0.191678 -0.109488 0.811161 0.397502 0.0007291 1.48496 0.600586 -0.521348 -1.14465 -0.0993426 0.145283 0.35171 0.30463 0.365738 -0.157405 -0.325999 3.55985 0.967719 3.71472
-0.717958 -0.659081 -0.0576523 -0.287124 1.20626 0.486162 0.828593 0.139512 0.734466 0.790245 1.07081 0.140176 0.981945 0.313732 -0.435459 -0.535609 -0.280942 0.236811 0.300578 0.415338 0.358765 0.0846436 0.215544 1.63916 0.0388191 2.0459 0.681272 -0.345014 -0.524838 -0.504271 -0.761256 -0.00629497 0.480449 0.799842 -0.0854224 -1.9169 -0.759056 -0.297495 -1.33236
-0.466459 -1.02805 -0.516183 -0.743175 1.06991 0.459226 0.960819 0.852066 0.714508 0.3187 1.15241 -0.0174492 1.40509 0.350599 -0.384414 -0.179585 -0.452882 0.00125727 -0.102873 0.250643 0.608165 -0.194911 -1.10574 -0.361553 -0.296766 0.152607 -0.269134 0.475844 1.06938 0.958316 0.17612 -0.0614847 0.0600906 -0.693728 0.106049 0.137133 -2.27716 -1.82713 -3.16043
-0.367359 -1.04349 -0.237237 -0.740006 1.20752 0.383289 1.07924 0.747677 0.539555 -0.315492 0.709253 -0.156591 1.13455 0.0445982 0.0403847 0.533771 0.677374 0.412931 0.239093 0.475428 -0.334963 0.190692 0.352677 -0.638 -1.78831 -1.11453 -0.445395 0.675818 0.10895 0.356217 -1.10107 -0.669527 -0.80777 -1.81305 0.180619 0.958593 0.350347 0.16688 -2.0619
-0.421861 -0.987666 0.0175882 -0.0658012 1.48284 0.698319 1.43625 0.517103 0.9052 0.671377 0.51441 -1.80576 0.290557 -0.0947965 0.291404 -0.070635 -0.0966645 -1.09982 -0.7724 -0.557126 -1.20488 -0.0142917 -0.147144 -0.0112067 -0.129887 -1.9093 -0.289607 0.283361 -0.730578 -1.38814 -2.40648 -1.04073 -1.14525 0.126133 -0.151023 -1.29126 0.166918 3.0656 1.61186
-0.462156 -0.75209 -0.307872 -0.83667 0.107699 -0.389111 0.52211 -0.457207 0.525263 -0.462636 0.698046 -0.286478 -0.774744 -0.245009 0.323746 -0.196807 -0.71077 -1.99355 -0.801642 -0.669825 -0.208829 0.0396691 -0.938587 -0.471082 1.27729 0.497326 0.0923118 -0.423016 -0.0345775 0.321487 1.87538 1.38395 0.967686 2.36042 0.627298 1.21641 0.230249 -0.261967 2.40757
-0.66687 -0.663921 -0.179219 -0.776571 -0.510705 -0.103323 0.766422 0.308274 0.944869 -0.26721 0.0433281 -0.528466 0.787882 -0.00248469 -0.131612 -0.105212 0.224822 0.775562 0.611549 0.41056 1.15554 0.613006 1.06926 0.219042 -0.391854 0.498276 0.697837 -0.571482 0.056004 1.56451 3.44702 1.05775 0.815866 0.779401 -0.0687039 1.75848 1.77687 -0.7857 -0.437385
-0.46464 -0.883702 -0.413085 -0.611847 0.883261 0.222438 0.932669 0.698335 1.13827 0.606625 0.917088 -0.678331 -0.276468 0.452828 -0.247736 -0.140803 0.853743 1.45347 0.256108 0.14604 0.570571 -0.0290348 0.819894 1.30578 0.491592 0.0599404 -0.0787923 0.539617 -0.088662 0.126704 -0.541799 -0.098341 -0.413663 -0.72648 -1.50743 -1.92132 -0.227656 1.25679 0.392847
-0.214042 -0.911657 -0.320022 0.0771725 0.942764 0.152785 0.912462 0.878845 0.915834 0.552684 1.34911 -0.0368739 0.847823 -0.081277 0.408006 -0.193874 0.351527 0.233763 0.513208 -0.00310326 0.429061 -0.894428 -0.852057 -0.00861403 0.864939 0.891123 0.0276361 2.28426 1.09379 -1.56129 -4.8359 -0.171183 -1.16699 -1.69551 -0.576018 -1.37457 -2.52939 -0.4472 -3.20425
-0.545917 -0.475696 -0.606959 -0.260321 1.11702 0.735646 0.929566 1.1274 0.243841 -0.245432 0.908474 0.186608 0.614655 0.480464 2.03652 0.952991 -0.707551 -3.38243 0.0849249 -1.02095 -1.12493 -0.605053 -0.554674 -1.2236 0.0443916 -3.14431 2.18071 1.92695 -0.322022 -1.77011 -3.8355 -1.20552 -0.563117 -0.703762 0.109277 1.1482 0.0480818 -1.37268 -4.29475
0.266423 1.12486 0.632968 -0.630378 -2.43967 0.23771 -0.108486 -0.24609 0.310782 -0.00198933 0.125511 0.00751768 -2.29649 2.09943 2.33496 -0.515896 -1.41859 -3.60174 -0.692313 -0.56622 -0.2747 -0.785151 0.296148 0.0394678 -0.507741 -3.40363 1.06529 -1.4891 -2.78753 -0.367559 4.18977 -0.153258 1.92147 2.72635 0.0318285 0.551752 0.587323 -0.533762 2.18934
1.55351 1.85926 -1.12286 -1.67891 -2.48472 0.0433327 0.363346 0.852695 -0.541309 0.0507153 0.947942 -0.321133 -2.78898 1.54575 0.547418 -1.83454 -1.07511 0.807342 -0.0683335 0.900521 1.60142 -0.573224 -0.00292197 -0.636278 -0.48937 -0.954975 -1.82625 -2.61406 -0.183459 1.33684 4.7902 1.22858 1.34812 1.09243 0.439322 -0.0406785 -0.996677 -0.564768 3.5551
1.81217 1.67228 -1.20157 -1.70549 -1.63233 0.169377 0.792035 1.35533 -0.262443 -0.00491129 -0.510766 -0.481852 -3.25147 0.273175 -0.279102 -0.699355 -0.0817451 1.18846 0.536265 0.781895 0.817731 -0.345829 0.255469 -0.957209 -1.07251 0.15147 -1.67621 -0.722009 1.006 0.901459 -0.287357 0.446915 -0.406154 -1.43484 -0.474307 -0.535754 0.804299 -1.15723 1.49675
1.82669 1.58016 -1.82221 -1.76065 -1.29626 0.579597 1.14524 1.67043 -0.887138 0.306184 -0.00926739 -1.39364 -2.63751 -0.130465 -0.174591 -0.828538 -0.173651 0.519985 0.378582 0.494367 0.16658 -1.04753 -0.538676 0.168021 -1.6466 0.541771 -0.421799 0.00450702 0.0741592 -0.0382945 -1.09187 -0.574204 -0.54843 -1.78294 -0.32807 -1.23986 -0.643361 0.616929 -0.66466
1.68171 1.49769 -2.03011 -1.87914 -1.11234 0.547959 1.2864 1.52191 -1.30997 -0.543588 -0.342745 -2.12846 -2.70969 -0.148625 -0.274595 -0.625195 -0.12004 0.0965884 -0.0379392 0.233465 -0.965209 -0.673899 -0.984391 -1.60057 -0.455579 -0.513189 0.0245553 0.208414 0.89679 0.152833 -0.283518 0.0710499 -0.264228 -0.799495 1.17305 0.626483 0.036139 2.23416 0.12388
1.67806 1.30556 -2.44741 -1.88069 -1.19967 0.541658 1.37871 0.705218 -1.56104 -0.678207 -1.60984 -1.84922 -3.1507 -0.10591 0.0338231 0.0682519 -0.0208177 0.236467 0.449632 0.230139 -0.632915 0.125523 0.0878067 0.20416 0.587554 0.66565 0.0270744 0.403214 0.898511 0.306677 0.104064 0.255795 -0.16347 0.960129 0.700822 1.22906 2.43933 0.625759 1.8611
1.5758 1.53152 -1.96186 -1.89996 -0.875874 0.99759 1.51654 0.888995 -1.18445 -0.455781 -0.138584 -1.5409 -2.04404 -0.121551 0.128619 0.273316 0.186637 0.200652 0.217856 0.0699949 -0.00507933 0.0269234 0.244667 0.83876 0.17018 1.34791 -0.00761057 -0.22315 -0.385371 0.0639278 -0.328745 -0.789889 -0.0859164 0.213391 -0.375788 -0.195824 -1.01776 -1.30301 -0.0351149
1.55651 1.43418 -2.17409 -1.69406 -0.999017 0.759514 1.4487 0.700139 -1.53411 -0.43354 -0.771078 -1.67904 -1.80279 -0.11352 -0.189327 -0.317119 0.0431101 -0.0922777 -0.340258 0.144223 -0.419524 -0.250266 -0.108018 -0.813603 -0.715458 0.630535 -0.0495087 -0.252186 -0.458056 -0.243947 -0.129917 -0.348502 -0.529706 -0.272692 -0.265457 -1.00414 -1.03976 -1.58604 -0.820232
1.46228 1.34219 -2.27898 -1.85685 -0.968152 0.657333 1.66076 0.469471 -1.43472 -0.563799 -0.952187 -2.25636 -1.41351 -0.171059 -0.123567 -0.18474 -0.0573094 0.0707351 -0.130646 -0.459711 -0.277772 -0.238534 -0.759472 -0.201002 -1.41586 0.527674 0.0318121 0.138164 0.380485 0.199043 0.646604 0.420258 -0.924942 0.681906 0.33097 -0.13256 0.966826 0.251254 0.271646
1.38545 1.31061 -2.35883 -1.75137 -0.928282 0.628868 0.988989 0.422367 -1.77265 -1.19301 -0.97208 -3.0949 -1.27511 -0.081708 -0.0511628 0.0633656 0.242153 0.554326 0.0800004 -0.780719 0.262382 0.0807042 -0.240578 0.153223 -0.464204 0.902181 0.18947 0.130815 0.0325429 0.251844 0.471941 -0.0436392 0.617834 0.749485 0.708348 1.67745 -0.107562 2.35158 -0.205382
1.38057 1.29103 -2.21561 -1.61469 -0.413826 0.737333 0.880045 0.731853 -1.35401 -0.804376 -0.798964 -2.72056 -0.511327 0.0184105 0.00724784 -0.152197 0.194535 0.542676 -0.174285 0.158123 0.471713 0.469814 0.917981 -0.308565 0.93572 0.322293 0.153405 -0.0923748 -0.257678 0.0311956 -0.787921 -0.176395 0.726524 -0.0165261 -0.0634662 0.806462 -1.55246 0.481417 -1.15849
1.40386 1.31786 -2.51103 -1.55683 -0.385606 0.454582 1.14711 0.89408 -1.30283 -0.275031 -1.28065 -2.15918 -0.952822 0.0716974 -0.143538 -0.194312 0.273348 -0.233595 -0.096395 -0.0541953 0.245856 0.017238 0.565885 -1.39923 0.0172126 -0.256312 -0.0925979 -0.0690933 0.345853 0.177598 0.330525 0.344708 -0.453578 0.244645 0.523977 -1.02223 -0.543808 -0.830485 0.315312
1.45227 1.14749 -2.40992 -1.34135 -0.647421 0.640938 0.82585 0.977709 -1.33677 -0.238492 -2.1982 -2.70335 -0.767639 -0.0741875 -0.0618455 0.193656 0.372133 0.873201 0.170423 -0.295455 0.716358 0.993791 -0.10425 -0.852373 0.105235 0.637605 -0.0994192 0.114194 0.200149 0.189077 0.88802 -0.163211 -0.0984154 0.177814 1.20545 -0.400185 0.929309 -0.047271 1.54548
1.32967 1.25602 -2.31737 -1.1847 0.487595 0.625005 0.851657 1.61044 -0.309042 -0.37928 -2.13302 -2.05395 -0.315217 -0.0277217 -0.0293433 0.00583696 0.462425 0.654425 -0.259606 -0.152611 0.423669 1.22269 0.1657 -0.469924 -0.0300584 1.28917 -0.139264 -0.20475 0.155863 0.114596 -1.50605 -0.799176 0.0169933 -0.90478 0.181846 0.278786 -0.0474477 -0.751629 -0.37837
1.42455 1.11814 -2.40409 -0.878921 0.00700406 0.381332 0.673239 1.40138 -0.114089 -0.0727922 -2.66812 -2.73341 0.521527 -0.213452 -0.266596 0.349518 0.486729 -0.632847 -0.628753 -0.278462 -0.188422 1.17564 0.174536 -0.89982 -0.646394 0.259235 -0.408161 -0.124976 0.936882 0.121456 -1.58689 -0.496556 -0.525271 -0.39033 -0.324003 -0.587899 0.0439293 1.19354 -2.47271
1.11622 0.98942 -1.96785 -0.697969 -0.145253 -0.00374822 0.573195 1.42202 0.866595 -0.204744 -3.03284 -2.70034 -0.0559826 -0.435883 -0.154319 0.942719 0.583881 -0.93247 -0.756162 -0.677882 0.033339 0.898683 -0.4222 -0.425995 1.16348 -1.18354 -0.101119 0.082395 0.558063 -0.0424608 -0.184755 -0.185526 -0.478435 0.106784 -1.63606 -0.703243 1.26235 1.96548 -1.52111
0.988663 0.963826 -1.46137 -0.29504 -0.925466 -0.37483 -0.00464216 1.43472 0.784594 -0.494992 -3.09412 -1.56993 -0.662013 -0.314571 -0.184201 0.907581 0.444268 -0.817602 -0.81428 -0.756897 -0.0816382 -0.460419 -0.528707 0.36253 1.31909 -1.26187 0.0485801 0.149328 -0.0872854 0.166757 0.756552 0.137564 0.818279 0.19239 -0.835288 0.578303 1.97804 -0.495199 2.15047
0.801652 0.805219 -1.06027 -0.253701 -0.962855 -0.818028 -0.183702 1.34038 0.406176 -0.733451 -2.67031 -1.38125 -1.31786 -0.387303 -0.00499127 0.855434 0.750638 -0.175918 -0.618598 0.140397 0.225729 0.0633952 0.156104 1.55205 0.668285 0.966935 -0.177586 0.37406 -0.0252039 0.819945 0.619826 0.735134 0.907443 -0.0780818 0.410053 1.07479 2.9171 -0.282347 2.23748
0.60136 0.958835 -0.605934 0.455598 -1.10138 -0.993428 0.135755 1.66045 0.84799 -0.338888 -1.54207 -0.901642 0.304922 -0.492156 0.189859 0.882377 1.26421 -0.197776 -0.0791458 0.150546 -0.15972 -0.0503663 0.546084 3.27963 1.03674 0.975602 -0.097267 -0.00590246 -0.287766 -0.306601 0.127788 0.883723 -0.458111 -1.52531 -1.46612 -0.443517 0.666535 0.696872 -2.53285
0.309496 0.995078 -0.177894 1.01051 -1.16063 -0.897174 -0.0331567 1.18066 0.355809 -0.187367 0.609325 -0.344513 -0.342255 -0.48457 -0.0108937 0.567667 0.444037 -0.0481305 0.265125 -0.317713 -1.29958 -1.40272 -0.287414 2.21858 1.36516 -1.56591 0.181262 -0.569261 -0.3223 -1.54354 0.174121 0.582443 -1.01221 -1.4302 -1.04603 -0.958201 -3.60141 -1.33028 -1.11902
0.11679 0.947941 -0.0382663 0.899635 -1.14951 -0.728304 -0.181958 0.360862 -0.554735 -0.626302 0.676511 0.463514 -1.26099 -0.310894 -0.379402 0.560077 -0.279329 -0.0236546 0.503297 -0.861667 -1.58992 -1.0964 -0.412117 -0.321781 -0.29354 -0.143421 0.203487 -0.270451 0.207844 -0.61868 0.414978 0.354031 -0.141922 0.580919 1.57877 1.58845 -2.78991 -2.64983 1.4107
-0.00139816 0.615677 0.382183 0.731182 -1.18429 -0.393876 -0.894824 -0.409263 -0.740586 -0.599484 0.287545 -0.638052 -0.485676 -0.281083 -0.281345 0.775511 -0.174643 0.366847 0.619155 -0.459635 -0.718665 0.176049 1.30104 -0.57133 -1.28467 -0.155214 -0.35412 0.235511 -0.352425 0.127321 1.13409 0.296607 1.80992 2.10492 2.02913 1.65088 -1.06659 0.587316 -0.908139
-0.164293 0.666597 0.737245 0.724992 -0.782668 -0.109148 -0.641593 -0.357803 -0.378686 0.674733 0.105181 -0.821155 -1.4162 -0.665014 -0.143891 0.207653 -0.152009 1.11043 0.799905 0.948257 0.515 0.932735 1.23876 -1.38837 0.293776 -1.05156 -0.456925 -0.291664 -1.34837 -0.405198 0.845002 0.733291 1.6198 1.04619 0.37447 -2.18234 0.265611 1.86279 0.920045
-0.666412 0.471786 0.589836 0.579173 -0.0738541 0.406029 0.053433 0.105737 0.192149 0.639279 -1.10083 -0.344276 -1.53724 -0.738008 -0.573008 -0.572862 -0.579841 1.21185 1.35245 1.16016 0.327524 0.550519 -0.881303 -0.305719 0.578126 0.764831 -0.0590649 -0.559382 -0.749832 -0.505535 -1.71446 0.18823 -0.496386 -0.596248 -0.102337 -1.8495 1.86171 0.503408 2.0567
-0.902301 0.0935881 0.164383 0.145151 0.429182 1.2433 0.518569 -0.030279 0.171833 -0.206569 -0.200538 -0.243029 -0.651373 -0.724079 -0.703273 -0.542179 -0.657543 -0.604031 0.988135 0.451871 -0.0812475 0.830398 -0.610739 0.473336 0.797185 1.00514 0.451595 0.326993 0.0729288 -0.187008 -2.29053 -1.92019 -2.00266 -0.602779 -0.659964 1.43504 0.591516 -0.679392 0.591454
-1.39049 -0.231487 0.0476572 -0.0783699 -0.677885 1.39416 0.505304 0.0244898 1.02255 0.0285406 -0.627491 0.452909 -0.532091 -0.286412 -0.246015 -0.499933 -0.76685 -1.07868 -0.567743 -0.842502 -0.275254 -0.109445 0.553739 0.285797 -0.101267 1.35628 0.886179 0.694444 0.136504 0.252958 0.109498 -2.4022 -0.930636 0.177886 -1.53243 0.138391 0.41384 -0.962341 -0.0918855
-1.18871 -0.152427 -0.335549 -0.621699 -0.649495 0.675555 -0.323934 -0.305533 0.062388 0.34717 0.0852594 -0.344296 0.704912 0.1621 -0.00882939 -0.405675 -0.404585 -0.494533 -1.41407 -0.478765 0.0966381 -0.702033 -0.472348 0.887176 -0.165156 0.913259 0.620356 -0.100962 0.686872 1.10462 1.81634 0.760198 1.90208 1.13971 0.556604 0.84084 0.358521 1.68378 -0.354797
-1.22839 -0.240317 -0.358018 -0.482955 -1.17242 -0.0199028 0.0265391 0.121128 0.320514 -0.443807 0.259685 0.287752 0.381169 0.333943 -0.346977 0.186939 0.337774 0.737661 0.192455 1.05957 0.864461 0.447159 1.39458 0.644318 1.58251 1.00149 0.61889 -0.841929 1.15382 0.20817 2.12436 2.01985 1.13157 0.444303 0.270705 1.49449 -2.42425 -0.393447 -0.0629665
-0.854769 -0.499404 -0.148611 -0.283925 0.0881653 0.86801 0.735641 0.558927 0.509547 1.74175 0.729578 1.23822 1.7064 0.78099 -0.850758 0.748141 -0.196415 1.62983 0.605786 0.652801 0.540941 -0.431328 1.02214 -1.53708 -0.558603 0.850293 0.669478 -0.442619 0.889318 -0.927715 0.534847 -1.21934 -1.2495 0.462323 -0.435162 -2.41813 -1.34242 -2.21321 -2.15346
-0.447402 -1.09108 0.390123 -0.679369 0.457409 0.585883 0.67934 0.662069 -0.110814 0.578335 -1.27739 -0.270851 1.23146 1.00342 -0.789596 1.07626 -0.589941 1.27251 -1.02688 -0.189928 1.32678 0.0119969 -1.02355 -0.698099 -0.630696 -1.15197 0.0540822 0.765346 -0.38965 -0.415169 -1.17645 -1.64141 -1.04357 -0.267506 0.917573 -0.565274 3.17956 1.45688 -2.32697
0.148652 -1.289 0.927646 -0.873866 1.36067 -0.158874 0.545713 1.88571 0.521544 0.718201 0.0314781 0.607522 0.554428 0.835072 -0.0854123 0.358491 -0.611584 0.453378 -1.03562 -0.390773 0.273435 0.486245 0.456868 1.64248 0.898281 -1.47668 -1.09237 0.409762 -1.1491 -0.145981 -0.965708 0.961291 0.293481 -2.91754 -0.39874 1.14798 0.535993 0.561606 0.35623
0.38767 -1.17649 0.748614 -1.29095 0.910788 -0.449739 0.288567 0.935504 0.375431 1.0352 0.365092 0.62743 -0.24522 -0.0889479 -0.379834 -0.0728476 -0.735922 0.3068 -0.0655933 0.103553 -1.59075 -0.386743 0.12443 -0.162106 -0.0690904 -0.795741 -1.20286 -0.404313 0.804169 0.431855 0.656873 1.31559 1.10814 -0.998181 -0.438521 -0.671316 -4.00875 -1.92949 0.712016
0.0597037 -1.66884 0.854799 -1.60979 1.66747 -0.224468 0.649265 0.294959 0.134801 0.842631 -0.130628 0.538432 -0.241313 -0.367792 -0.489726 1.16266 -0.179729 1.11025 0.279965 0.717367 -0.724746 0.047724 -0.214447 -2.36627 -1.03121 -0.764666 0.130342 0.499677 1.16265 0.314067 0.0138574 0.339851 -0.307774 2.58731 0.852235 -0.800594 0.232819 0.404164 1.39338
0.0198778 -1.66621 1.91127 -1.47068 2.02104 -0.169774 1.00593 0.210759 0.423155 0.820756 -2.00118 -0.403777 -1.00989 0.0413945 0.119843 1.08981 -0.421855 0.320657 0.274258 -0.204222 0.996555 0.465492 -0.676164 0.0707128 0.335073 0.597637 0.60354 0.394241 -1.17811 0.33048 -0.96736 0.223583 -0.0473857 1.81832 -0.172188 0.444298 4.01094 1.50843 2.4501
0.101098 -1.54899 1.9446 -2.03164 1.98813 0.0497902 0.445043 1.29151 0.600292 0.166467 -0.0599151 0.873505 0.356324 0.235748 -0.0954848 -0.0154511 0.150751 0.142891 0.503548 0.669982 1.09358 -0.124464 0.229851 1.64467 0.477225 1.68544 -0.0123887 -0.0702456 -1.18516 0.530518 0.0776924 -0.179318 0.293208 -2.06284 -0.082783 2.15756 0.780026 -0.348641 -0.532337
0.255625 -1.7617 1.89582 -1.31993 2.16393 0.333775 1.67592 1.30434 0.298691 1.05061 -0.356509 0.0734472 0.675553 0.0290058 0.0495974 -0.0953577 0.108664 0.39835 0.0949398 0.0889865 -1.06628 0.382709 1.4814 0.850739 -0.0135676 0.0653002 -0.686178 0.204147 -0.109376 -0.210794 -0.697565 -1.01753 -2.02306 -1.47409 0.196739 0.63275 -0.814585 -0.121654 -3.84843
0.130104 -1.49939 1.84925 -1.92298 2.38648 0.14473 0.53403 0.225233 0.983001 1.64787 0.790824 0.859938 0.421624 -0.450431 0.108662 -0.124827 -0.060043 -0.554674 -0.513983 -1.35308 -0.38051 0.0722756 0.862601 0.830081 0.35557 -2.16299 -0.222128 -0.117904 0.02544 -0.00593513 -0.783691 -0.0592828 0.392183 1.28515 -1.08867 -1.68538 -0.764208 0.155866 -0.844361
-0.194805 -1.65304 1.771 -1.37998 1.60926 -0.180208 0.322834 0.923827 0.370967 1.91321 0.473572 0.429018 -1.48744 -0.193122 -0.0683069 -0.0699177 0.102728 -0.385341 0.0356571 0.48117 0.218874 -0.705966 -0.203984 0.0865312 0.142299 -0.779061 0.746743 0.155324 0.0608171 -0.138776 0.970353 0.712278 1.49738 -0.0910362 0.0306854 -1.28862 -1.519 0.558173 4.09073
-0.0630178 -1.5677 1.77933 -1.82025 2.00114 0.180387 1.0152 0.444107 0.277035 1.44388 0.877355 1.00224 -0.357436 0.296312 0.263986 -0.0640097 -0.198819 0.415679 0.198295 0.144295 -0.471546 0.102961 -0.426023 -0.688919 0.913743 1.92774 0.35972 0.0445533 -0.656497 0.349182 0.701184 -0.272518 -0.950512 -0.447718 1.11613 -0.953893 -0.507682 -0.0328595 1.86914
0.101507 -1.38905 1.70699 -1.57879 2.02493 0.018087 0.46713 0.452282 0.473928 1.48719 -0.215347 1.34276 0.440307 0.166599 -0.0237536 -0.726414 0.45191 0.315843 -0.236861 -0.469342 -0.228844 0.410159 -1.15788 -0.421151 0.109439 1.09008 -0.326657 0.0254573 -1.29302 0.768077 -1.26631 -0.120261 0.528998 0.985079 0.618282 -0.438157 1.15518 -1.2154 -2.91814
0.103581 -1.59146 1.05291 -1.36834 2.31698 -0.0564742 0.545857 0.215263 0.687194 0.286004 0.456204 1.11168 0.73264 -0.030345 0.289444 -1.35703 0.569257 -0.850629 0.0780341 0.673293 0.513534 0.721243 -0.86418 0.466265 -0.30166 -0.990396 0.585786 2.06873 0.599571 1.4147 -1.56242 -0.53347 -0.737358 -0.283229 -1.0824 0.425878 -0.21832 -0.0626848 -1.54581
0.0711623 -1.09961 0.349959 -1.00954 1.17431 0.0961211 1.14042 0.965815 1.19517 0.623005 0.250918 1.0411 -0.550089 0.752385 2.04498 -0.126844 1.86661 -1.24658 -0.770331 -1.2067 -0.512073 -0.672246 -0.731999 -0.639471 0.0467545 -0.455737 1.56206 1.53752 0.128908 1.59114 -0.268364 -2.42822 -3.28391 -1.6043 -2.21865 0.175019 -1.4435 -0.92855 2.46505
0.855966 0.453526 0.926071 0.498274 1.0704 -0.826806 -0.660844 -0.296811 0.0149485 -0.445995 -0.183267 1.15843 0.276903 1.53172 1.82696 -1.22812 2.1604 -1.11899 -2.35018 -2.61062 -1.09077 -1.4974 -0.689161 -0.977236 -1.23021 1.47465 0.168712 -1.75877 -2.2613 -1.20911 -0.203999 -0.721169 0.612112 0.710298 0.435908 1.12423 0.244945 -1.21276 0.227025
1.60288 0.727356 -0.878161 1.15086 0.0553132 -2.25406 -1.4702 -0.124954 -0.302233 -0.0661554 -0.726318 -0.189108 0.924563 0.921097 0.28621 -2.38815 0.657501 -1.45058 -1.4915 -0.594588 0.198225 -0.236337 0.392232 -0.394526 -1.166 -0.228711 -1.3399 -1.53645 0.716002 -2.03733 0.949808 2.42416 3.39938 1.71592 1.5623 1.23789 2.16311 2.54652 -2.37311
1.77706 0.739736 -1.46208 1.15578 -0.380176 -2.31831 -1.25543 -0.0985859 -0.221389 -0.0537631 -0.577794 -0.00757402 0.048192 0.191815 0.290514 -0.512117 0.123072 -0.169185 0.0739775 0.788756 0.625152 0.0649008 0.548726 1.18587 1.31631 -0.898454 -1.14274 0.106928 2.46516 -0.521021 1.79592 1.68736 1.11999 0.605596 0.301504 -0.0017653 1.78978 1.88397 -0.178067
1.79469 1.01787 -1.39028 1.27393 -0.113872 -2.18008 -0.681441 0.500197 -0.237332 0.48257 0.459555 1.12721 0.026109 -0.221641 0.393138 0.0770136 0.136481 0.345347 0.195856 0.525402 0.803821 0.065167 0.390466 1.39525 0.717963 -0.406778 -0.638255 -0.258358 0.576379 -0.0734175 0.0736542 -0.0330169 -1.14272 0.194723 -0.0757435 -0.75826 -1.74702 -3.0873 -0.234332
1.55542 1.13287 -1.38506 1.29226 -0.0348283 -2.12245 -0.73003 0.705235 -0.156222 0.336703 0.817458 0.710389 -0.358586 -0.44644 0.0321553 0.0642621 0.049654 -0.0955307 0.0409606 -0.353966 0.819875 -0.0108427 -0.209534 -0.561146 -1.77099 -1.13279 -0.239445 -0.574836 0.135598 -0.127028 -0.380477 -0.0717963 -0.829594 -0.662624 -0.043376 -0.728294 -2.10093 -1.30464 -1.0562
1.34825 1.05003 -1.32602 1.32359 -0.209402 -2.13912 -1.03541 1.32007 -0.248175 0.273036 -0.101591 -0.643781 -1.10668 -0.461086 -0.181697 0.212612 0.00945284 -0.0351298 0.12406 -0.304192 0.141197 0.0217911 -0.337828 -0.70568 -0.586682 -1.46298 -0.230666 -0.209334 0.955809 -0.178607 0.457187 0.312417 -0.0144292 -1.81745 -0.699659 -1.10274 1.93354 3.29785 1.01808
1.09434 0.951176 -1.17245 1.30171 -0.0699581 -1.99839 -1.03422 0.846431 -0.134431 -0.00112482 0.111778 0.123707 -1.82157 -0.677106 -0.177179 1.02007 -0.128953 0.361656 0.353378 -0.368395 -0.997573 -0.710502 -1.31227 1.37239 1.52686 -0.114708 -0.616291 -0.0850695 1.43963 -0.208767 0.538351 0.937985 0.0784629 -1.40575 -0.853568 -0.231818 2.09652 1.99683 2.35174
0.671149 0.872846 -0.305945 1.19463 0.152254 -1.78574 -1.4038 0.3225 -0.958677 -1.03923 1.2708 0.883082 -1.22139 -1.07738 -0.266767 1.65225 -0.199314 0.503222 1.06205 -0.225729 -1.26455 -0.831777 -0.569646 1.39084 1.41015 0.888755 -0.669184 -0.320438 -0.198296 -0.74416 -1.09678 1.52521 1.21758 0.00915307 0.820593 1.7121 -2.18949 -1.63847 0.861967
0.0169586 0.68441 0.479795 1.10239 0.433263 -0.936344 -1.25995 -0.418119 -0.966208 -0.570771 1.50262 1.53385 -0.932812 -1.34629 -0.497617 0.821776 -0.873114 -0.735122 1.87859 0.849189 -0.98842 0.110091 0.399828 -0.8171 -0.111608 0.747258 0.0446213 -0.187335 -1.72734 -1.44537 -1.95336 0.226749 1.32513 1.03773 2.43494 1.5876 -2.70361 -1.35768 -0.296912
-0.675141 0.375229 0.515831 0.321519 -0.582869 0.0928463 -0.554612 -0.66592 -0.848586 -0.639406 0.453702 0.771475 -0.474128 -1.03276 -0.454101 -0.0750987 -1.64469 -1.45014 1.28879 1.0994 -0.226824 1.60316 1.01795 -1.31277 0.0524678 0.591843 0.711977 0.017363 -1.35958 -0.113814 0.451585 -1.48346 -0.990132 1.15519 0.833873 0.681892 0.443695 -1.07908 -0.49407
-1.0158 0.230308 0.404696 -0.542293 -1.01687 0.35245 -0.160551 -0.644943 0.636957 0.44718 0.189854 1.58632 -0.340969 -0.634313 -0.480254 -0.537808 -0.986927 -0.283538 0.395135 -0.140942 0.166774 0.943964 1.08172 -0.373405 -1.19069 0.253188 0.881163 0.13181 0.055595 2.11373 2.04738 -0.99324 -0.802532 0.706117 -1.87263 -1.61436 1.26027 -1.43414 0.751539
-1.30945 -0.105025 -0.0219773 -0.665408 -0.866407 0.487981 -0.695555 -0.499146 0.0953776 0.442315 0.0802969 -0.419213 -0.220939 -0.151593 -0.322292 -0.0195037 0.469037 0.597245 0.295555 0.296869 0.479293 -0.269464 -0.596409 -0.0525018 -1.38167 1.34338 0.558666 0.648167 1.15256 2.07155 0.987041 -0.699184 0.395876 0.233453 -0.0516482 0.268689 1.38267 2.07627 -0.867631
-1.16739 -0.0919835 0.385192 -0.0732561 -0.41963 0.648005 0.136318 -0.16565 0.367492 -0.149229 0.137352 0.204649 1.00241 -0.0756466 0.167913 0.614754 1.08462 0.703503 -0.304049 0.254934 0.400227 0.892316 1.35041 1.00926 0.885577 -0.614443 0.169757 0.112715 -0.703643 -0.54359 -1.58269 -0.746902 -0.928169 -1.12906 0.267576 0.74016 0.782025 2.22939 -2.10898
-1.3851 0.0628876 0.592777 0.419215 -0.162904 0.183932 -0.440621 -0.0989185 0.987693 1.79272 1.08956 0.466364 -0.835382 0.0181647 -0.209577 -0.723146 -0.0745525 -0.985443 -0.451347 -0.6313 -0.649771 -0.00188822 0.143751 0.729523 0.847712 -0.765599 1.61862 0.128808 -2.54149 -1.5054 0.433202 0.150757 -0.597751 -0.859085 -0.977783 -3.02645 -2.43803 -1.37733 1.97818
-1.14922 -0.30156 -0.337954 -0.147809 -1.40507 0.196658 -0.494982 -0.815421 0.365604 -0.00547762 0.866875 1.05236 0.236813 1.54297 0.296721 -1.92673 -0.420773 1.13671 -0.153292 -0.342817 -0.458858 -0.0854677 -1.67604 -1.42877 -0.491753 1.36374 1.52192 0.646771 -0.00850921 0.0554385 3.97386 0.914957 0.547617 1.19213 0.290353 -0.187518 -1.41171 -1.72767 2.03341
0.157868 0.359609 -1.33395 -0.00155821 0.973802 0.0306395 -0.783438 -0.557776 0.902225 0.116683 -0.339207 -0.0253892 0.528354 1.54009 0.437194 -0.731656 -0.019114 2.98842 0.46361 -0.0836838 0.542355 0.288465 -0.0437671 -0.682186 -0.879958 1.26781 -1.54408 -1.52149 3.53724 -0.0335898 -0.631408 0.884973 -0.00775667 1.90135 -0.308667 1.06173 2.73033 0.9789 -0.335314
0.390861 0.135634 -1.06961 -0.166923 1.58335 0.660268 -0.578666 -0.273066 0.654069 -0.0492447 0.184689 0.172403 1.50462 -0.0011105 -1.22477 1.61051 -0.454363 0.505298 0.731681 -0.350574 1.44249 -0.394135 -0.614316 1.30156 0.487147 1.02842 -1.59475 -1.78558 2.35936 -0.436121 -3.16439 -1.14124 0.654899 1.41471 0.20004 0.588286 0.177789 1.31538 -1.71891
0.156758 -0.86516 0.276558 -0.455921 1.4791 0.76232 -1.13401 0.884717 0.508091 -0.497634 0.96235 0.461758 1.55678 -0.0546681 -1.34838 1.62771 -0.455235 -0.175969 -0.677629 0.571215 1.95707 0.488505 0.544519 -0.504397 0.43542 -0.451105 0.255652 0.582414 -0.829492 0.60811 0.231914 -1.39595 1.24943 -1.42337 1.1586 2.01922 -2.35466 -0.426588 0.333762
0.336193 -1.21275 0.558095 -0.622157 1.40738 -0.0173606 -0.00745121 1.684 1.14257 0.495274 -0.319709 0.607824 1.05352 0.254542 -0.642355 0.781021 0.153747 0.737212 -0.664271 0.89886 0.0191212 0.764464 1.4049 -1.05311 0.0605598 1.36218 0.0439768 1.18308 -0.332332 -0.0417585 0.572789 1.07549 -1.54414 -2.82418 -1.02886 -0.598475 -0.309136 -0.99011 1.80387
0.4113 -1.50751 1.05758 -0.302174 2.21631 0.0980494 -0.235152 0.903838 1.27255 0.907266 -0.0907566 0.522318 2.91896 -0.0106913 -0.165303 1.29537 -0.496993 0.39682 0.397865 -0.972925 -0.867115 -0.540357 -0.0539555 -0.813533 -0.55469 1.35276 -0.49288 0.257785 -0.438734 -1.22308 -2.10862 1.19011 -1.04044 0.310317 -1.11853 -1.71233 0.8157 -0.262401 -2.59964
0.325502 -1.37805 1.85347 -1.11915 1.8042 0.380505 -0.980376 0.816884 0.602216 0.441319 -1.13324 0.0531341 2.40628 -0.238338 -0.38457 0.342286 -1.06933 -1.37141 0.525839 -0.141577 0.329438 -0.354071 -0.307428 -0.237407 -0.201841 -1.23746 -0.0379587 -0.501199 -1.73987 0.191334 -1.11681 -0.458693 1.96939 1.79033 0.255813 0.545204 1.82094 1.26724 -1.58501
0.172961 -1.89208 1.39986 -1.37151 0.844902 0.623889 -0.376729 1.23328 0.918484 0.599839 -0.328164 0.320477 1.6815 -0.0486499 -0.666502 -0.444497 -0.305659 -0.719985 -0.0608274 0.996461 0.923215 -0.284544 0.491249 1.00741 0.712549 -0.232248 0.413759 0.809865 0.175882 1.17602 1.52235 -0.902548 -0.0818006 -0.338381 0.0228288 0.0381157 0.400999 0.0826362 1.24538
0.276852 -2.04456 1.40897 -1.42481 1.08421 0.319678 0.0160846 1.7401 0.317673 0.932568 -0.12583 0.765683 2.17403 0.175421 0.425295 0.518169 0.106684 0.150939 -0.376708 -0.223378 -0.00894264 -0.331242 -0.269312 0.163591 -0.119205 0.0079228 0.00506741 0.98612 0.806515 0.848743 1.2245 0.621236 -0.574487 -1.24107 0.908797 -0.854265 0.0208423 -1.35936 -0.423622
0.348383 -1.46679 1.91803 -1.26482 0.995841 0.24718 -0.600107 1.22433 0.587242 0.330527 -0.164573 0.201272 1.68942 -0.0435825 0.319618 0.362018 0.543084 0.50451 0.560408 0.421973 -0.317854 0.624253 -0.363016 1.02825 -0.646813 -0.655871 -0.243434 -0.304596 -0.69163 0.276005 -0.343214 0.848702 1.66837 -0.200419 0.245946 0.671527 0.0903179 0.143853 -0.543152
0.23327 -1.72494 1.77099 -0.881725 1.58872 0.880086 0.438058 1.42225 0.941926 0.569552 0.902424 0.11887 1.51816 -0.0680126 0.1207 -0.173461 0.382689 -0.192275 0.471994 1.44499 -0.209362 -0.0852962 0.402215 0.253909 0.0246479 -0.535229 -0.185726 -0.36575 -0.176949 -0.420445 0.130759 -0.516075 -0.816098 -0.341249 -1.79374 0.0178895 -1.98502 0.586836 0.402185
0.28037 -1.34609 1.74457 -0.882134 0.803566 0.719174 0.844885 1.01497 0.501946 0.732742 0.0893364 0.22592 1.15419 -0.229308 -0.0461317 0.185069 0.122639 0.635269 0.0443334 -0.394124 -0.659102 -1.16949 -0.345127 -0.956768 -0.0599772 -0.253686 -0.446122 -0.360625 -0.0854023 -0.262448 0.46381 -1.03708 -3.27243 -0.742051 -1.1161 -1.62434 -0.49756 -1.12655 -0.419963
0.00396125 -1.77107 1.95606 -0.759087 2.22399 0.924419 0.0439333 0.763143 -0.227563 0.224425 -0.0543441 0.0588926 1.26448 -0.514134 -0.239925 -0.258864 0.120241 0.271536 -0.565086 -1.82744 -0.951412 -1.2014 -1.22212 -0.24365 -1.1019 -0.955192 0.00331453 0.356162 -0.161816 -0.421182 -1.60501 -0.274323 0.53612 0.37352 1.2475 0.147211 -0.501205 0.15681 -0.848814
-0.233764 -1.58602 1.48571 -0.761893 1.0751 0.154088 -0.982552 0.0635602 -0.699454 -0.48938 -0.154314 -0.875979 0.199001 -0.225994 0.310031 0.0232524 -0.298544 -0.969745 -0.229989 0.141996 -0.285583 0.0780061 -0.197915 -1.45797 0.0968331 -1.1025 0.331982 0.213713 0.148346 -0.443578 -0.787668 0.812459 2.84952 2.02013 2.88894 4.05596 1.54513 2.86095 1.16844
-0.222033 -1.46104 1.97931 -1.05763 1.25425 0.69443 0.185929 0.47756 -0.149557 0.0265096 -1.51232 0.155726 0.161976 -0.182152 -0.0262126 -0.110518 -0.323337 -0.516132 0.247373 1.02208 1.06872 1.68754 2.83383 1.30148 1.75905 0.213252 -0.0739679 -0.137199 -0.965047 0.544111 1.69819 0.669973 0.89465 0.890733 0.365846 0.304915 3.01955 0.362191 1.69817
-0.415916 -1.61223 1.37519 -1.08523 0.55897 0.401461 0.0395294 1.13228 0.988082 2.34445 1.14717 0.88307 0.412253 -0.299962 0.172832 -0.941795 0.245568 0.728442 0.439983 1.03665 0.60515 0.443852 0.107 1.56158 0.459024 0.595671 -0.0759057 0.515054 -0.0654072 0.250803 0.533345 0.55626 -0.222442 -1.66308 -2.59787 -3.94065 -2.66881 -1.67312 -0.230628
-0.521994 -1.28821 1.03752 -0.812063 1.98269 1.13441 1.22258 1.08271 0.294295 0.13351 0.0492619 0.61475 0.757647 -0.258058 0.488841 -0.175925 -0.0725338 0.0172133 0.803632 0.79964 -0.594363 -0.910333 -1.10681 -1.36733 0.0859313 -0.017376 0.0189644 0.10353 1.06607 -0.353633 -2.6857 -1.21163 -2.62206 -1.47913 -0.291954 0.671326 -2.2883 -1.27174 -1.73943
-0.673974 -1.12339 1.19927 -1.15776 0.576184 1.20509 0.839169 0.537918 0.0777492 1.23764 -0.220157 0.969001 0.394877 -0.280997 0.276362 0.124273 -0.108065 -1.95726 -0.771644 -1.58541 -0.873981 0.151899 0.778326 -0.726716 -0.81272 -1.14376 0.1739 -0.302287 -0.449305 0.0499477 -0.472906 -0.898585 -1.18805 0.937561 1.14168 0.515028 1.74818 -0.722643 -0.735918
-0.802992 -1.01184 1.16179 -0.920128 0.0254286 0.362769 -0.362834 0.208729 0.446194 0.911836 -0.677454 -0.19797 -0.386115 -0.0841573 0.186554 -0.62523 -0.022586 -0.455693 -0.0949528 -0.388413 0.343198 0.231342 -0.591783 0.380855 -0.636712 -0.753294 0.349627 -0.035089 -0.982085 -0.281614 2.00649 1.35492 2.23359 1.19044 -0.651645 -2.12093 -0.32357 1.25639 2.14018
-0.758131 -0.936833 0.574035 -1.18035 0.120491 1.11014 0.450756 0.881117 0.309092 0.64586 0.160697 0.332289 -0.358417 0.06863 0.241273 -0.857812 -0.389679 0.0492296 0.583275 0.648184 0.316463 -0.499746 -1.3426 -1.05029 0.443674 0.996419 -0.19145 0.135815 -0.0454426 0.692162 0.590936 0.271139 0.131391 -0.86938 0.205852 1.2068 -1.07406 0.878415 2.17805
-0.734362 -0.770572 0.303977 -1.30981 0.0746582 0.946044 0.28535 0.525192 -0.0535524 -0.430764 -1.72774 0.245705 0.610304 -0.275608 0.322369 -0.670673 0.669576 0.135243 0.176186 -0.257023 -0.526181 0.437194 0.615017 -0.693204 0.241703 1.42476 -0.376551 0.332367 0.874159 1.53517 -0.0283091 -0.367584 -0.839593 -0.612804 1.44031 2.92935 3.2335 -0.903547 -2.69026
-1.03374 -0.614464 -0.0966378 -0.510774 0.255734 1.28633 0.193733 0.354935 0.746286 1.26088 -0.532506 0.573992 1.06634 -0.307921 0.57364 0.0163473 1.14549 0.0209205 0.215691 -0.191408 -0.296341 0.940559 1.58675 2.18321 -0.459872 -1.69384 -0.107653 -0.230564 0.270904 -0.4467 -1.08357 -0.809397 -0.199815 0.75694 -0.694834 -1.43385 1.41841 -0.292475 -1.79129
-1.04228 -0.196932 0.320324 -0.16432 0.0955786 1.16174 0.093942 0.228851 0.887007 1.15599 0.455474 -0.214168 -1.08354 -0.38326 0.0918054 -0.399769 0.222876 -0.94833 -0.633212 -0.456837 0.230759 -0.25764 -0.818829 0.725211 -0.0507724 -0.366529 -0.0241785 -0.743248 -0.456176 -0.988731 -0.367683 -0.485702 0.613761 0.838835 -1.17564 -2.93493 -2.97876 0.34118 3.14972
-1.417 -0.522659 -0.496407 -0.287898 -0.692596 0.653115 -0.263104 0.585694 0.488646 0.442048 0.192705 0.52322 0.699813 -0.332099 -0.169608 -0.439829 0.156756 -0.346763 -0.270012 0.422353 0.542495 -0.23508 -1.34818 -0.795543 -0.118692 1.45588 0.679467 0.158987 0.812792 -0.17663 1.83092 1.16788 1.76068 -0.596242 0.780903 0.728748 -1.3246 -0.634882 -0.0962014
-1.37438 -0.36654 -0.119505 -0.00756354 -0.251184 0.891724 0.516295 0.771346 0.651927 -0.192186 -0.340069 -0.33286 0.372341 0.296207 0.250792 0.413023 0.0462457 0.882587 0.534664 1.30384 -0.365483 0.523263 -0.0900813 -0.599393 -0.685654 -0.462731 0.456432 0.2375 0.524893 -0.536153 0.0535522 0.334897 -0.469911 -1.31586 0.0482405 2.82893 2.09999 1.71886 -1.77536
-1.12079 -0.271867 -0.0833835 -0.241652 0.18999 1.18778 1.04074 0.220211 1.01191 0.351967 -0.406688 -0.162435 0.237083 0.124333 0.0678916 0.0850642 -0.379397 -0.29321 0.0648851 -0.0475576 -0.773361 -0.186839 1.48076 1.30444 1.60017 -0.319483 -0.496281 -0.451461 -1.25514 -0.0290044 -1.18559 -1.11363 -2.07044 0.344371 -1.40566 0.451217 2.32037 1.68476 0.64068
-1.25005 -0.298648 -0.0344409 -0.386961 -0.544395 0.956609 0.468738 -0.00201458 0.465088 1.28857 0.964376 1.26731 0.0528579 -0.200074 -0.200669 -0.842113 0.0172413 -0.303002 -0.578962 -0.766595 -0.0211129 -0.882397 0.361135 1.72098 0.99911 0.177949 -0.270556 -0.114637 -0.782089 0.23628 1.08018 0.0977842 0.218964 0.988065 0.335281 -1.80412 -1.77092 -3.02963 -0.0283897
-1.32087 -0.472536 -0.925496 -0.224411 -0.113012 0.608816 0.274144 0.199098 0.129511 0.713102 1.31429 0.836675 0.415032 -0.146223 -0.0467452 -0.697025 -0.143117 0.786966 0.162669 0.171406 0.214705 0.148442 -0.323361 -0.466479 -1.42946 -0.347873 0.170002 0.38033 1.60531 -0.242683 0.0495897 1.17811 1.84093 0.0258553 1.69313 -0.276621 -2.79057 -1.80094 -0.555592
-1.39627 -0.345394 -0.731465 -0.530077 0.242572 1.11928 0.640144 0.21269 0.61353 0.965209 0.497897 -0.162155 -0.295015 -0.0300723 0.179661 0.763193 -0.225442 -0.253412 0.599146 1.07434 0.00474241 0.810729 0.0845145 -1.06959 -0.801834 -0.377642 0.301338 0.0697882 0.734693 0.350431 -1.51007 -0.425126 -0.20955 0.659264 0.413729 0.756306 0.292885 1.08854 0.634501
-1.35094 -0.292875 -0.162303 -0.449853 -0.366424 1.20796 1.34848 0.20384 0.94024 0.797616 0.244705 0.0348409 0.0373897 0.155115 0.023043 0.0376686 0.207314 -0.723105 -0.262457 -0.0381437 0.873968 0.562171 0.432945 -0.173594 -0.340924 0.286628 -0.0196092 -0.318603 -0.782612 0.39874 -0.616056 -1.19812 -2.56322 0.445338 -0.349576 -0.237679 1.27287 0.109597 -0.690337
-1.24116 -0.32235 -0.693797 -0.322763 -0.480533 0.856821 0.602 1.08666 1.1757 1.39815 0.324303 -0.503079 -0.00838691 -0.0496815 -0.138942 -0.019419 0.173298 -0.869468 -0.598976 -1.48888 0.45008 0.461152 -0.153164 0.203279 -0.692237 -1.06798 -0.248845 -0.0661128 -0.0399854 0.151711 1.05363 0.51689 0.19022 -0.759737 -0.605911 -1.86556 -0.58297 0.821337 0.249277
-1.40062 -0.431817 -0.181722 -0.276555 -1.23589 0.608985 -0.140399 0.65392 1.40139 0.644452 0.447985 -0.657396 -1.03059 -0.0937307 -0.0430697 -0.00231681 0.359026 0.330524 0.254433 0.152076 0.114231 -0.0437402 -1.43262 -0.756564 0.480412 0.535905 0.172163 0.313034 -0.0379398 0.262124 2.27353 0.791903 1.5498 -1.0293 -1.30478 0.131802 0.13614 0.595059 2.32487
-1.33489 -0.36542 -0.696114 0.0362624 -0.150008 1.11125 0.754076 1.20089 1.13196 -0.0344617 -0.432261 -0.0226666 0.527518 0.122481 0.174092 -0.0573589 0.435423 1.40406 0.192927 0.0609205 -0.579223 -0.843631 -0.0213618 0.33942 -0.0971776 1.25689 0.0576295 0.220347 0.613313 -0.561554 -0.261891 -0.204888 0.202574 -0.994225 -0.549565 2.61716 1.77757 -0.0846543 -1.95269
-1.27814 -0.257725 -0.239081 0.158868 0.168168 0.801912 -0.0794784 0.0746977 0.557762 0.62309 0.787405 -0.754574 0.226304 -0.0361012 0.177278 0.610996 -0.202528 0.0686333 0.0495452 0.35465 -0.879994 -0.593305 1.18454 1.02101 0.395758 -1.41679 -0.149061 -0.174054 -0.290116 -0.834897 -1.63074 0.0878495 0.674147 1.04016 1.68657 1.39928 0.0644128 1.06725 -1.90758
-1.37099 -0.188142 -0.0851174 -0.166266 -0.0813751 1.1608 1.10873 0.320896 0.538655 1.15008 0.588747 0.373091 -0.889272 -0.0265798 3.7246e-005 -0.347475 -0.399475 -0.226679 0.280777 0.735068 0.460938 0.84294 1.37792 0.403833 0.970076 -0.650684 0.0502203 -0.456614 -0.951427 -0.143488 -0.713682 -0.518781 -0.730461 1.00737 0.693954 -0.72574 -1.02179 -1.36255 1.57986
-1.30472 -0.257688 -0.586556 -0.240607 -0.0585114 1.08269 0.655589 0.535636 1.4007 2.00101 1.19124 0.215503 -0.42438 0.0141191 -0.279336 -0.340431 -0.346016 -0.645048 -0.469236 -0.375811 0.127381 0.100649 0.458801 -0.00077925 -0.966788 0.163074 0.24609 -0.266388 0.775546 0.782744 0.764586 -0.521831 -0.915682 -1.31423 -1.67238 -3.02677 -2.08796 -1.3919 0.115268
-1.35687 -0.467479 -0.425548 -0.512282 -0.726423 0.691563 0.732915 0.448276 0.639304 1.60888 0.587968 -0.593697 -0.726198 0.21951 -0.266351 0.428071 0.383269 0.537907 -0.241054 -0.180614 -0.853287 -0.829437 -1.64885 -1.68413 -0.421821 -0.535416 0.295175 0.540235 1.04058 0.865794 0.668904 0.753651 0.301159 -0.404374 0.418478 -0.536963 -0.0949368 2.09583 0.202526
-1.08521 -0.524039 -0.158485 0.142662 0.479396 0.841635 0.474975 -0.317651 0.571265 0.352163 -0.492894 -0.206318 -0.959796 0.309294 0.260898 0.700145 0.519778 0.0238555 0.284415 -0.0746524 -0.276993 0.519128 -0.078162 -0.0957161 1.12904 0.365599 -0.43298 0.36669 -0.456493 -0.633229 -1.45816 0.248247 0.343492 1.49749 1.49753 2.83431 3.28953 1.25322 1.64927
-1.04758 -0.20658 0.274597 0.00749615 -0.702568 0.975978 0.658262 0.171283 1.15843 1.53072 0.492252 0.535346 -0.360599 -0.213471 0.10034 -0.0284217 -0.24996 -0.920256 0.00719317 0.162878 0.644204 0.668091 1.18546 1.6054 0.831401 1.11385 -0.48267 -0.339889 -1.25423 -0.555336 0.206203 -0.135321 0.32851 0.382988 -1.25898 -1.57612 0.399966 -0.602402 0.364372
-1.29868 -0.423699 -0.186907 -0.107298 -0.44086 0.848828 0.637853 0.326553 1.23936 1.53763 1.1125 0.625083 0.154055 -0.173376 -0.0789909 -0.554081 -0.035558 0.230058 0.149094 0.253857 0.105995 -0.739848 -1.65429 0.30425 0.526641 0.729971 0.351364 0.056353 -0.01557 0.456849 0.57844 -0.0857855 0.143916 -0.872671 -1.19153 -1.80337 -2.12188 -0.982377 -1.5225
-1.22095 -0.285571 -0.279485 -0.0280618 -0.472509 1.12507 0.91212 0.277278 0.418584 -0.123569 0.796502 1.06199 0.369373 0.137893 0.156693 -0.0439917 0.206889 -0.341816 -0.0785923 0.306794 -0.228467 -0.523442 -0.617903 -0.516479 -0.150975 -0.408647 0.0851899 0.285791 0.995675 0.373238 0.46711 -0.575932 -0.896762 -0.261634 1.26911 2.71551 -0.559457 -1.37429 -0.839023
-1.16079 -0.267007 -0.230899 0.0995907 -0.782676 0.770236 0.944647 0.098086 0.715914 0.919725 0.596025 0.474108 -0.254592 -0.0881862 0.2068 0.441593 0.33768 0.697169 -0.426837 -0.642904 -0.155639 0.529267 1.06123 -0.255207 -0.847648 -0.109052 -0.281555 -0.208298 0.354812 -0.276227 0.701879 0.15482 -1.08659 0.241336 0.403908 1.23507 0.826954 0.60756 0.529064
-1.30914 -0.0787712 0.162108 0.309619 0.224659 0.698235 0.269216 0.121639 0.947851 0.937657 0.541295 0.21434 0.260321 -0.143662 -0.0516055 0.310821 -0.069338 0.360062 0.0762277 -0.779799 0.0128691 -0.119534 0.617163 0.310475 0.456584 0.120417 0.266089 -0.313665 -0.990685 -0.809284 -1.5538 0.589756 0.596017 -0.0995622 -0.807475 -0.754187 -0.397298 0.833757 -1.11361
-1.30445 -0.318612 0.0799222 0.0302528 -0.422614 0.846463 0.164848 0.110955 0.59638 1.53689 0.906499 0.930692 -0.134175 0.177903 -0.106865 -0.549092 -0.471604 -0.856636 0.162919 -0.0468871 -0.255201 -0.278208 0.307039 -0.652505 -0.0138912 -1.22266 0.000412196 -0.16194 -0.617091 -0.341052 -0.965837 0.0251213 1.60929 0.74501 -0.147846 -1.23664 -0.0215574 -0.114569 0.890067
-1.13124 -0.185636 -0.386983 -0.161985 -0.631976 0.861154 0.222329 -0.133562 0.669643 1.2447 -0.111209 0.200448 -0.962343 -0.14325 -0.213545 -0.30627 -0.41039 -0.605774 0.101349 0.829495 0.757879 -0.267379 -0.619477 0.288917 0.342016 1.01048 -0.369459 0.00147787 1.26995 0.946634 1.43769 0.0645899 0.44431 0.807322 -0.183397 -2.14727 0.572184 1.37354 3.89558
-1.4477 -0.532158 -0.226348 -0.380137 -1.02839 0.947812 0.994343 0.868834 0.329001 0.917411 1.19542 1.27271 0.87631 -0.191557 -0.105387 0.720856 0.47503 0.581055 0.227509 0.397422 0.552121 -0.461605 -1.84023 -0.0803208 1.35965 2.67292 0.388201 0.54313 0.540037 0.564473 1.00879 -0.035453 -1.32156 -1.72782 0.608057 0.50251 -0.438138 -0.338618 -2.03506
-1.32279 -0.291023 0.333873 0.313044 -0.0509217 1.08866 0.619751 0.418558 0.208038 -0.595535 -0.19153 1.5601 1.71057 0.244951 0.329585 0.233766 0.154083 0.403011 0.0658959 -0.492068 -0.969945 0.340678 -0.116966 -0.149221 0.00339779 -1.02457 -1.01119 -0.097186 -0.713438 -0.701084 -1.20643 0.786199 0.104853 -0.653231 1.13128 2.64068 1.12652 -0.0835432 -2.82118
-1.20275 -0.202573 0.00741829 -0.226054 -0.625377 1.01371 0.502275 -0.10111 0.669679 0.800445 1.04619 1.27611 -0.148262 -1.20275 -0.202573 0.00741829 -0.226054 -0.625377 1.01371 0.502275 -0.10111 0.669679 0.800445 1.04619 1.27611 -0.148262 -1.20275 -0.202573 0.00741829 -0.226054 -0.625377 1.01371 0.502275 -0.10111 0.669679 0.800445 1.04619 1.27611 -0.148262
